00002460330401961 037756   9010036202001152  13532.59 36    375.91F    375.91 3610       0          
00002466890401961 037616   9010071202002142 157813.81 30   5260.46F   5260.46 2630       0          
00002488750401961 041583     55501202007022  45008.50 36   1250.24F   1250.24 3510       0          
00002499580401961 045561     55603202009292 112521.80 36   3125.61F   3125.61 3610       0          
00002501750401961 032836     55604202009292  32148.92 36    893.03F    893.03 3610       0          
00002503160401961 036799     55616202010062 186464.39 36   5179.57F   5179.57 3510       0          
00002541780401961 034754     56021202103182 514134.53 36  14281.51F  14281.51 2730       0          
00002558160401961 036192     56224202104302  65544.38 36   1820.68F   1820.68 2910       0          
00002558170401961 036192     56295202104302 274809.80 36   7633.60F   7633.60 2910       0          
00002562530401961 042236     56361202105132  68038.45 30   2267.95F   2267.95 2810       0          
00002562540401961 042236     56362202105132 108642.53 30   3621.42F   3621.42 2810       0          
00002565490401961 037875     56388202105172  43811.86 36   1217.00F   1217.00 2810       0          
00002567880401961 032627     56415202105212  30167.85 36    838.00F    838.00 2810       0          
00002567970401961 034011     56419202105212  72649.69 36   2018.05F   2018.05 2810       0          
00002567980401961 034011     56418202105212  81646.06 36   2267.95F   2267.95 2810       0          
00002569500401961 039477     56481202106142 232084.48 36   6446.79F   6446.79 2710       0          
00002569510401961 039477     56480202106142 250311.82 36   6953.11F   6953.11 2710       0          
00002570130401961 035650     56469202106102 582192.10 36  16172.00F  16172.00 2410       0          
00002571360401961 035770     56483202106142 138312.38 36   3842.01F   3842.01 2710       0          
00002571370401961 035770     56486202106142  64439.54 36   1789.99F   1789.99 2710       0          
00002582160401961 045911     56732202108042 128664.03 36   3574.00F   3574.00 2510       0          
00002584370401961 031084     56761202108102 119599.80 30   3986.66F   3986.66 2510       0          
00002584710401961 044040     57073202108312 187332.86 36   5203.69F   5203.69 2410       0          
00002584720401961 044040     57072202108312 250355.20 36   6954.31F   6954.31 2410       0          
00002585840401961 045026     56953202108172 258079.61 42   6144.75F   6144.75 2010       0          
00002590590401961 033996     56867202108262 162000.03 36   4500.00F   4500.00 2610       0          
00002604640401961 044040     57068202110072 170028.03 36   4723.00F   4723.00  020       0          
00002608350401961 036192     57093202110152 171474.16 36   4763.17F   4763.17 2310       0          
00002608360401961 036192     57274202110152 215993.93 36   5999.83F   5999.83 2310       0          
00002610450401961 037380     57116202110182 202703.02 24   8445.96F   8445.96 2310       0          
00002610550401961 034908     57117202110182 165599.95 24   6900.00F   6900.00 2310       0          
00002612250401961 031084     57135202110212  40079.93 24   1670.00F   1670.00 2310       0          
00002614650401961 035650     57175202110282 307644.88 36   8545.69F   8545.69 1910       0          
00002614660401961 035650     57170202110282 250355.20 36   6954.31F   6954.31 1810       0          
00002614880401961 038427     57148202110252 114095.82 48   2377.00F   2377.00  020       0          
00002621740401961 037552     57299202111182  30303.20 36    841.76F    841.76 2210       0          
00002621750401961 037552     57298202111182 158660.67 36   4407.24F   4407.24 2210       0          
00002624010401961 035712     57294202111182 398928.12 48   8311.00F   8311.00 2210       0          
00002625450401961 038983     57335202111292  92999.91 30   3100.00F   3100.00 2210       0          
00002648100401961 042236     57697202202252 216697.58 36   6019.38F   6019.38 1810       0          
00002649820401961 034397     57737202203142 157009.34 36   4361.37F   4361.37 1910       0          
00002649830401961 034397     57736202203142 202990.71 36   5638.63F   5638.63 1910       0          
00002658030401961 037026     57843202204112 265500.03 36   7375.00F   7375.00 1710       0          
00002658040401961 037026     57842202204112  78839.88 36   2190.00F   2190.00 1710       0          
00002662720401961 038395     57905202204222 244800.17 36   6800.00F   6800.00 1810       0          
00002668480401961 031084     57981202205132 106199.97 18   5900.00F   5900.00  310       0          
00002678930401961 042236     58101202206242  57256.71 18   3180.93F   3180.93 1510       0          
00002683650401961 031814     58197202207282 673848.21 24  28077.00F  28077.00  020       0          
00002692510401961 040994     58403202209202 191979.36 24   7999.14F   7999.14  020       0          
00002703740401961 043486     58389202209192 720000.31 36  20000.00F  20000.00  020       0          
00002704460401961 046845     58388202209192 250512.04 24  10438.00F  10438.00  020       0          
00002706770401961 003214     58434202209232 247760.34 12  20646.69F  20646.69  020       0          
00002707300401961 031757     58433202209232 190584.87 12  15882.07F  15882.07  020       0          
00002717880401961 047661     58639202211152  67829.91 30   2261.00F   2261.00  020       0          
00002721490401961 037026     58668202211232 225792.00 36   6272.00F   6272.00  020       0          
00002731040401961 038755     58831202301162 150011.83 36   4167.00F   4167.00  810       0          
00002739730401961 038416     58947202302102 362813.38 36  10078.15F  10078.15  710       0          
00002774580401961 038755     59373202305312 496800.04 36  13800.00F  13800.00  020       0          
