00002162191401471 032282  11700002201605022  30261.41 53    570.97F    570.97 3490       0          
00002162201401471 032282  11700002201605022 120257.00 53   2269.00F   2269.00 3490       0          
00002163421401471 027280  11700008201605102  30261.41 53    570.97F    570.97  690       0          
00002165241401471 036957  11700007201605182 157623.06 53   2974.02F   2974.02  890       0          
00002167791401471 031275  11700011201606062  78943.50 53   1489.50F   1489.50 525420180221          
00002170671401471 039857  11700012201606162  29152.00 16   1822.00F   1822.00  090       0          
00002173591401471 030228  11700013201607042 300773.94 53   5674.98F   5674.98 525420180221          
00002183241401471 038172  11700022201608252  33478.20 45    743.96F    743.96 1720       0          
00002187791401471 036957  11700017201609072 182869.68 51   3585.68F   3585.68  690       0          
00002190321401471 030186  11700024201609132 147661.08 37   3990.84F   3990.84 1990       0          
00002190781401471 028292  11700020201609132 179633.25 25   7185.33F   7185.33 1990       0          
00002190891401471 032189  11700027201609132 179032.95 51   3510.45F   3510.45 3190       0          
00002191571401471 032282  11700028201609152  62039.70 45   1378.66F   1378.66 3190       0          
00002203631401471 027426  11700033201610192 104203.80 45   2315.64F   2315.64 1590       0          
00002210541401471 028646  11700034201611102 239640.86 37   6476.78F   6476.78 3690       0          
00002224341401471 043013  11700041201701122 137892.60 60   2298.21F   2298.21 3110       0          
00002228891401471 028592  11700038201702062 240222.84 26   9239.34F   9239.34 1590       0          
00002229971401471 027468  11700039201702062 172724.50 25   6908.98F   6908.98 2390       0          
00002235491401471 031761  11700047201703032  39487.20 60    658.12F    658.12 5690       0          
00002236101401471 026076  11700049201703062  89454.00 25   3578.16F   3578.16 1290       0          
00002675151401471 035948   1000010202206092 188981.28 48   3937.11F   3937.11 1610       0          
00002675150401472 035948   1000010202206091      0.00  0    600.00V    600.00  010       0          
00002680641401471 041599   1000042202206222 566478.72 36  15735.52F  15735.52 1510       0          
00002680640401472 041599   1000042202206221      0.00  0    600.00V    600.00  010       0          
00002680871401471 034717   1000063202206292 226032.00 48   4709.00F   4709.00 1510       0          
00002680870401472 034717   1000063202206291      0.00  0    600.00V    600.00  010       0          
00002682050401472 048534   1000062202206291      0.00  0    600.00V    600.00  010       0          
00002683750401472 036192   1000067202207061      0.00  0    600.00V    600.00  010       0          
00002683751401471 036192   1000067202207062 746337.60 48  15548.70F  15548.70 1510       0          
00002685141401471 042446   1000136202207212 658784.64 48  13724.68F  13724.68 1510       0          
00002685140401472 042446   1000136202207211      0.00  0    600.00V    600.00  010       0          
00002685471401471 042421   1000132202207212 451728.00 48   9411.00F   9411.00 1510       0          
00002685470401472 042421   1000132202207211      0.00  0    600.00V    600.00  010       0          
00002685780401472 044518   1000141202207221      0.00  0    600.00V    600.00  010       0          
00002685781401471 044518   1000141202207222 358656.00 48   7472.00F   7472.00 1410       0          
00002688481401471 035650   1000202202208082 692496.00 48  14427.00F  14427.00 1010       0          
00002688480401472 035650   1000202202208081      0.00  0    600.00V    600.00  010       0          
00002688541401471 037768   1000193202208052 453696.00 48   9452.00F   9452.00 1330       0          
00002688540401472 037768   1000193202208051      0.00  0    600.00V    600.00  030       0          
00002688560401472 041339   1000192202208051      0.00  0    600.00V    600.00  090       0          
00002688561401471 041339   1000192202208052 564192.00 48  11754.00F  11754.00 1290       0          
00002689710401472 034886   1000232202208111      0.00  0    600.00V    600.00  010       0          
00002689711401471 034886   1000232202208112 808033.92 48  16834.04F  16834.04 1410       0          
00002693821401471 048106   1000289202208252 551110.08 48  11481.46F  11481.46 1310       0          
00002693820401472 048106   1000289202208251      0.00  0    600.00V    600.00  010       0          
00002694981401471 034117   10003022022082422577600.00 48  53700.00F  53700.00 1310       0          
00002694980401472 034117   1000302202208241      0.00  0    600.00V    600.00  010       0          
00002696031401471 036192   1000283202208222 250475.04 48   5218.23F   5218.23 1310       0          
00002696191401471 045472   1000303202208242 276250.08 48   5755.21F   5755.21 1310       0          
00002696190401472 045472   1000303202208241      0.00  0    600.00V    600.00  010       0          
00002786661401471 046615  20231858202308102 922906.26 18  51272.57F  51272.57  210       0          
00002786660401472 046615  20231858202308101      0.00  0    600.00V    600.00  010       0          
00002789981401471 044988  20231878202308112 768960.48 24  32040.02F  32040.02  030       0          
00002789980401472 044988  20231878202308111      0.00  0    600.00V    600.00  030       0          
00002791641401471 044980  20232001202308182 715159.44 36  19865.54F  19865.54  210       0          
00002791640401472 044980  20232001202308181      0.00  0    600.00V    600.00  010       0          
00002792711401471 040418  20232066202308232 468763.92 12  39063.66F  39063.66  210       0          
00002792710401472 040418  20232066202308231      0.00  0    600.00V    600.00  010       0          
00002792980401472 038395  20232008202308221      0.00  0    600.00V    600.00  010       0          
00002792981401471 038395  202320082023082222454382.08 48  51132.96F  51132.96  210       0          
00002793101401471 046731  20232002202308182 744957.72 36  20693.27F  20693.27  210       0          
00002793100401472 046731  20232002202308181      0.00  0    600.00V    600.00  010       0          
00002797061401471 036633  202324882023091121255905.60 30  41863.52F  41863.52  110       0          
00002797060401472 036633  20232488202309111      0.00  0    600.00V    600.00  010       0          
00002797111401471 044877     292442023091121278415.20 24  53267.30F  53267.30  110       0          
00002797110401472 044877     29244202309111      0.00  0    600.00V    600.00  010       0          
00002797491401471 047595  20232553202309132 774383.40 36  21510.65F  21510.65  110       0          
00002797490401472 047595  20232553202309131      0.00  0    600.00V    600.00  010       0          
00002798321401471 046501  202326112023091521308055.92 24  54502.33F  54502.33  110       0          
00002798320401472 046501  20232611202309151      0.00  0    600.00V    600.00  010       0          
00002798491401471 044037  20232581202309142 615393.30 30  20513.11F  20513.11  110       0          
00002798490401472 044037  20232581202309141      0.00  0    600.00V    600.00  010       0          
00002799321401471 047694  20232629202309152 394127.64 18  21895.98F  21895.98  110       0          
00002799320401472 047694  20232629202309151      0.00  0    600.00V    600.00  010       0          
00002799340401472 037832  20232556202309131      0.00  0    600.00V    600.00  010       0          
00002799341401471 037832  202325562023091321601477.28 24  66728.22F  66728.22  110       0          
00002799801401471 034963     292712023091221297312.80 24  54054.70F  54054.70  020       0          
00002799800401472 034963     29271202309121      0.00  0    600.00V    600.00  020       0          
00002799921401471 045203  20232622202309152 611522.88 24  25480.12F  25480.12  110       0          
00002799920401472 045203  20232622202309151      0.00  0    600.00V    600.00  010       0          
00002800181401471 038145  20232624202309152 472517.82 18  26250.99F  26250.99  110       0          
00002800180401472 038145  20232624202309151      0.00  0    600.00V    600.00  010       0          
