00001812290100011 040427  44471556201210022  67465.08 36   1874.03V   1874.03 2930       0          
00002191260100011 042443  63728411201609192 187755.02 37   5074.46V   5074.46  890       0          
00002200210100011 042443  64206602201610122  60592.68 37   1637.64V   1637.64  790       0          
00002219090100011 037238  65439297201612152 345633.60 60   5760.56V   5760.56 2930       0          
00002223960100011 036191  65961645201701132  97010.69 49   1979.81V   1979.81 2330       0          
00002243740100011 042443  67538795201704052  18343.68 48    382.16V    382.16  190       0          
00002254630100011 041691  68451464201705292  78650.16 24   3277.09V   3277.09  830       0          
00002262390100011 039378  69172107201707102 150955.93 37   4079.89V   4079.89 375420180221          
00002262480100011 044637  69171166201707102 402587.40 60   6709.79V   6709.79 5710       0          
00002271220100011 032281  69962620201708292 125336.16 48   2611.17V   2611.17 4610       0          
00002318920100011 037870  72589543201802012 700341.60 60  11672.36V  11672.36 605420180221          
00002349250100011 043070  75029530201806292 174655.20 60   2910.92V   2910.92 6010       0          
00002349260100011 043070  75026519201806292 157707.00 60   2628.45V   2628.45 6010       0          
00002353230100011 037669  75988965201808012 109421.28 48   2279.61V   2279.61 1730       0          
00002355370100011 041875  76184115201808132 225840.60 60   3764.01V   3764.01 6010       0          
00002355380100011 041875  76184298201808132 400240.20 60   6670.67V   6670.67 6010       0          
00002359310100011 045519  76544938201809072 252043.20 48   5250.90V   5250.90 3030       0          
00002361730100011 043679  76887767201809272 130182.48 36   3616.18V   3616.18 3190       0          
00002362760100011 043107  77000604201810042 309768.50 50   6195.37V   6195.37 505420180221          
00002368150100011 032405  77503580201811072 125763.60 60   2096.06V   2096.06 5910       0          
00002368860100011 035752  77668758201811162  56540.40 60    942.34V    942.34 5810       0          
00002369510100011 045530  77637268201811142  77155.20 60   1285.92V   1285.92 5810       0          
00002370720100011 037621  77611500201811132 388092.00 60   6468.20V   6468.20 5810       0          
00002371400100011 043742  77636258201811142  62601.60 48   1304.20V   1304.20 3930       0          
00002372130100011 039661  77664185201811152  83883.60 60   1398.06V   1398.06 5810       0          
00002372550100011 036310  77734121201811232 180887.40 60   3014.79V   3014.79 5810       0          
00002373230100011 041940  77673046201811162  78698.40 60   1311.64V   1311.64 5810       0          
00002373840100011 045405  77820531201811262 108973.20 60   1816.22V   1816.22 5510       0          
00002374160100011 044536  77734626201811232  74973.60 60   1249.56V   1249.56 5810       0          
00002375150100011 037810  77907534201811282 105922.20 60   1765.37V   1765.37 5810       0          
00002376400100011 045177  78001865201812032  81512.40 60   1358.54V   1358.54 5610       0          
00002378520100011 045519  78130074201812182 170980.56 36   4749.46V   4749.46 2630       0          
00002378540100011 036092  78104852201812132 113332.20 60   1888.87V   1888.87 5710       0          
00002383100100011 034543  78497880201901122 150004.20 60   2500.07V   2500.07 5710       0          
00002395960100011 038993  79542976201903082 471683.52 48   9826.74V   9826.74 4710       0          
00002397870100011 045519  79710839201903152  38016.00 36   1056.00V   1056.00 2430       0          
00002398350100011 043742  79705289201903142  36704.16 48    764.67V    764.67 3630       0          
00002398920100011 046620  79715039201903152 164727.00 60   2745.45V   2745.45 5510       0          
00002402310100011 045096  79801591201903222 127821.60 48   2662.95V   2662.95 2610       0          
00002404920100011 040605  80042158201904052  45779.40 60    762.99V    762.99 5410       0          
00002404930100011 040605  80042609201904052 282892.20 60   4714.87V   4714.87 5410       0          
00002408860100011 036129  80275129201904172 135772.80 60   2262.88V   2262.88 5310       0          
00002412930100011 045216  80627930201905102 126382.20 60   2106.37V   2106.37 5210       0          
00002413250100011 040458  80679828201905132 118568.40 60   1976.14V   1976.14 5210       0          
00002415090100011 042115  80720205201905162 313020.60 60   5217.01V   5217.01 5210       0          
00002420570100011 043742  81024298201906062 256863.96 36   7135.11V   7135.11 3330       0          
00002421760100011 040825  81167713201906152 191876.36 52   3689.93V   3689.93 5210       0          
00002426920100011 043742  81842877201908022  36217.80 36   1006.05V   1006.05 3130       0          
00002427410100011 044355  81699339201907252 340609.20 60   5676.82V   5676.82 5010       0          
00002429110100011 046953  81718418201907272 505976.50 50  10119.53V  10119.53 5010       0          
00002430390100011 043654  81845739201908032 665169.00 60  11086.15V  11086.15 5010       0          
00002444070100011 035157  83242020201910282  64937.28 48   1352.86V   1352.86 4610       0          
00002444080100011 035157  83242043201910282 130604.16 48   2720.92V   2720.92 4710       0          
00002444230100011 036586  83261576201910292  45204.00 48    941.75V    941.75 4710       0          
00002447100100011 045177  83432687201911072 111801.00 60   1863.35V   1863.35 4510       0          
00002450990100011 043712  83627844201911212 188245.44 48   3921.78V   3921.78 4610       0          
00002460550100011 036977  84531133202001162 729632.64 48  15200.68V  15200.68 4510       0          
00002465240100011 042811  84977972202002112 184690.80 60   3078.18V   3078.18 4410       0          
00002467330100011 040777  84998136202002122 457925.76 48   9540.12V   9540.12 4310       0          
00002467970100011 038925  85221101202002272 169915.80 60   2831.93V   2831.93 4310       0          
00002468060100011 046620  85044881202002132  71131.20 48   1481.90V   1481.90 4410       0          
00002470040100011 041517  85249054202002282 198129.12 48   4127.69V   4127.69 4310       0          
00002470050100011 041517  85249061202002282 445409.28 48   9279.36V   9279.36 4310       0          
00002470880100011 037768  85366338202003032 276281.76 48   5755.87V   5755.87 4230       0          
00002471000100011 046731  85388257202003042 122265.60 60   2037.76V   2037.76 4310       0          
00002471840100011 035334  85460772202003092 465421.20 60   7757.02V   7757.02 4310       0          
00002472100100011 034850  85611825202003162   5776.32 48    120.34V    120.34 4310       0          
00002472110100011 034850  85611832202003162 592665.60 48  12347.20V  12347.20 4310       0          
00002474650100011 044350  85607155202003162 800452.80 60  13340.88V  13340.88 4310       0          
00002474730100011 036061  85554991202003132  99625.24 44   2264.21V   2264.21 4310       0          
00002474780100011 036011  85621122202003172 293444.64 48   6113.43V   6113.43 4310       0          
00002481790100011 039345  86567683202006022 226200.96 48   4712.52V   4712.52 4010       0          
00002481800100011 039345  86567690202006022 379313.76 48   7902.37V   7902.37 4010       0          
00002495980100011 047702  87788900202008282 598579.68 48  12470.41V  12470.41 3710       0          
00002496230100011 037753  87789659202008292 770502.24 48  16052.13V  16052.13 3710       0          
00002496370100011 037816  87788991202008282 238204.80 48   4962.60V   4962.60 3710       0          
00002496830100011 039408  87948805202009072 422526.72 48   8802.64V   8802.64 3710       0          
00002497960100011 036650  88260006202009292 147245.04 36   4090.14V   4090.14 3610       0          
00002497970100011 036650  88260013202009292  49736.16 36   1381.56V   1381.56 3610       0          
00002499050100011 043716  88150083202009222 137374.56 48   2861.97V   2861.97 3610       0          
00002499640100011 040520  88117006202009192 268347.36 48   5590.57V   5590.57 3610       0          
00002501010100011 043907  88320300202010022 317788.20 36   8827.45V   8827.45 3610       0          
00002501020100011 043907  88320193202010022 172544.76 36   4792.91V   4792.91 3610       0          
00002501410100011 042714  88215953202009262  28393.56 36    788.71V    788.71 3610       0          
00002501420100011 042714  88215946202009262 313201.44 36   8700.04V   8700.04 3610       0          
00002501430100011 047308  88252345202009292 617797.44 48  12870.78V  12870.78 3610       0          
00002503220100011 045002  88358162202010052 436822.20 36  12133.95V  12133.95 3610       0          
00002509010100011 040825  88918796202011092  39792.24 36   1105.34V   1105.34 3510       0          
00002509350100011 046731  88889922202011062  14973.00 60    249.55V    249.55 3510       0          
00002509360100011 046731  88889945202011062 626646.60 60  10444.11V  10444.11 3510       0          
00002513460100011 043824  89459588202012102 637888.40 40  15947.21V  15947.21 3410       0          
00002514630100011 035615  89487807202012142 104568.84 36   2904.69V   2904.69 3410       0          
00002514640100011 035615  89488212202012142 341013.96 36   9472.61V   9472.61 3410       0          
00002515480100011 042573  89502954202012162 118779.84 48   2474.58V   2474.58 3410       0          
00002515490100011 042573  89503025202012162 511225.92 48  10650.54V  10650.54 3410       0          
00002516560100011 042117  89544524202012212 144346.80 40   3608.67V   3608.67 3310       0          
00002517070100011 036129  89568035202012212  70701.60 48   1472.95V   1472.95 3210       0          
00002517080100011 036129  89568088202012212 741821.28 48  15454.61V  15454.61 3210       0          
00002517830100011 036540  89992952202101152 449578.80 36  12488.30V  12488.30 3310       0          
00002518920100011 044598  89854195202101082 161404.20 36   4483.45V   4483.45 3310       0          
00002519670100011 048058  89892344202101112 478218.60 36  13283.85V  13283.85 3310       0          
00002520070100011 043164  89854227202101082  89915.76 36   2497.66V   2497.66 3310       0          
00002520960100011 045221  90020865202101182 111007.08 36   3083.53V   3083.53 3310       0          
00002521360100011 048026  90051577202101202 476220.60 36  13228.35V  13228.35 3310       0          
00002525840100011 036129  90243621202101302  89366.76 36   2482.41V   2482.41 3110       0          
00002526420100011 042811  90317536202102032 358945.92 48   7478.04V   7478.04 3210       0          
00002527190100011 044019  90244753202101302 218470.08 48   4551.46V   4551.46 3210       0          
00002527360100011 038119  90242672202101292 157150.80 36   4365.30V   4365.30 3210       0          
00002529980100011 039876  90487271202102112 402210.00 36  11172.50V  11172.50 3210       0          
00002529990100011 039876  90487258202102112 207803.52 36   5772.32V   5772.32 3210       0          
00002534990100011 040559  90837377202103052 211268.16 48   4401.42V   4401.42 3110       0          
00002535550100011 044763  90660575202102242 210077.40 60   3501.29V   3501.29 3110       0          
00002535560100011 044763  90660599202102242 242991.60 60   4049.86V   4049.86 3110       0          
00002537330100011 039900  90708939202102272 484588.44 36  13460.79V  13460.79 3110       0          
00002540510100011 039050  90928125202103102 250256.88 36   6951.58V   6951.58 3110       0          
00002540520100011 039050  90928118202103102 382210.56 36  10616.96V  10616.96 3110       0          
00002544860100011 035752  91055836202103202  97997.76 48   2041.62V   2041.62 3110       0          
00002544870100011 035752  91055866202103202 185524.32 48   3865.09V   3865.09 3110       0          
00002545570100011 042137  91391363202104092 819371.52 48  17070.24V  17070.24 3010       0          
00002547460100011 046286  91248989202103312 562284.00 36  15619.00V  15619.00 3010       0          
00002548970100011 043855  91216984202103302 172887.36 48   3601.82V   3601.82 3010       0          
00002548980100011 043855  91216954202103302 422861.76 48   8809.62V   8809.62 3010       0          
00002554520100011 044598  91533125202104162  96951.54 42   2308.37V   2308.37 3010       0          
00002554860100011 042811  91571435202104202 370457.76 48   7717.87V   7717.87 3010       0          
00002557410100011 041861  91638421202104242 976800.00 48  20350.00V  20350.00 2910       0          
00002559070100011 046140  91771283202104292 164159.01 37   4436.73V   4436.73 2910       0          
00002559120100011 043457  91908208202105072 566448.48 48  11801.01V  11801.01 2910       0          
00002560130100011 044536  91842190202105042 107626.08 48   2242.21V   2242.21 2910       0          
00002560400100011 039334  91819340202105032 300812.64 48   6266.93V   6266.93 2910       0          
00002560410100011 039334  91819357202105032 173211.84 48   3608.58V   3608.58 2910       0          
00002561810100011 045607  91835700202105042 460539.00 36  12792.75V  12792.75 2910       0          
00002562630100011 042139  91915187202105082 341259.48 36   9479.43V   9479.43 2910       0          
00002563610100011 037754  92126352202105212  48913.92 36   1358.72V   1358.72 2810       0          
00002568160100011 036414  92249356202105282 223183.44 36   6199.54V   6199.54 2810       0          
00002569120100011 047775  92397587202106042 839476.80 48  17489.10V  17489.10 2810       0          
00002569580100011 038782  92497348202106052 633607.20 30  21120.24V  21120.24 2810       0          
00002572310100011 040264  92789099202106172 222819.48 36   6189.43V   6189.43 2810       0          
00002573980100011 044606  92826686202106222 577671.00 60   9627.85V   9627.85 2710       0          
00002580330100011 038782  93353180202107162  76295.16 36   2119.31V   2119.31 2710       0          
00002581140100011 045607  93494402202107272 399519.00 36  11097.75V  11097.75 2610       0          
00002581710100011 038391  93472161202107262 364010.04 36  10111.39V  10111.39 2510       0          
00002585160100011 047772  93771749202108112 223860.48 48   4663.76V   4663.76 2610       0          
00002586560100011 040273  93933945202108242 325108.20 60   5418.47V   5418.47 2510       0          
00002586570100011 040273  93933915202108242 359365.20 60   5989.42V   5989.42 2510       0          
00002586790100011 043906  93842022202108172 238563.00 36   6626.75V   6626.75 2610       0          
00002587730100011 043161  94086957202108312 215941.20 40   5398.53V   5398.53 2510       0          
00002588480100011 039619  93891426202108212 381900.00 60   6365.00V   6365.00 2510       0          
00002588490100011 039619  93891433202108212 163740.00 60   2729.00V   2729.00 2510       0          
00002589410100011 038003  93889484202108202 227506.32 36   6319.62V   6319.62 2610       0          
00002591960100011 044295  94062003202108302 546952.68 36  15193.13V  15193.13 2510       0          
00002592280100011 036386  94148164202109032 442870.06 34  13025.59V  13025.59 2510       0          
00002592470100011 042427  94140379202109032 154801.08 36   4300.03V   4300.03 2510       0          
00002593090100011 047189  94139691202109032 449999.40 30  14999.98V  14999.98 2510       0          
00002593130100011 036384  94145197202109032 443768.34 34  13052.01V  13052.01 2510       0          
00002594380100011 041007  94348181202109152 568765.44 36  15799.04V  15799.04 2510       0          
00002597110100011 046626  94375117202109172 273330.36 36   7592.51V   7592.51 2510       0          
00002599940100011 044283  94458813202109232 379702.62 33  11506.14V  11506.14 2310       0          
00002600010100011 043457  94535675202109282 145753.20 24   6073.05V   6073.05 2410       0          
00002601380100011 040442  94533145202109282 273512.40 24  11396.35V  11396.35 2410       0          
00002602460100011 046058  94575134202109302 517407.36 48  10779.32V  10779.32 2410       0          
00002602470100011 046058  94575140202109302 491732.16 48  10244.42V  10244.42 2410       0          
00002604340100011 040281  94793049202110132 416336.40 36  11564.90V  11564.90 2410       0          
00002604540100011 045745  94595041202110012 230061.00 60   3834.35V   3834.35 2410       0          
00002605120100011 038782  94636225202110042  41804.64 24   1741.86V   1741.86 2410       0          
00002608270100011 043776  94831270202110152  72851.52 24   3035.48V   3035.48 2410       0          
00002608470100011 038832  94933136202110222 556254.24 48  11588.63V  11588.63 2310       0          
00002609540100011 045724  94953839202110232 363707.28 36  10102.98V  10102.98 2310       0          
00002609550100011 045724  94953691202110232 453347.28 36  12592.98V  12592.98 2310       0          
00002609780100011 043906  94935345202110222 177023.04 48   3687.98V   3687.98 2310       0          
00002610730100011 036083  94832526202110152 251919.12 24  10496.63V  10496.63 2410       0          
00002611490100011 044019  94932820202110222 197358.24 48   4111.63V   4111.63 2310       0          
00002611550100011 037754  94952972202110232  69389.28 36   1927.48V   1927.48 2310       0          
00002614990100011 046140  94987357202110252 225934.20 36   6275.95V   6275.95 2310       0          
00002616440100011 041064  95177689202111032 546484.80 24  22770.20V  22770.20 1930       0          
00002617430100011 041402  95127580202111012 329977.80 60   5499.63V   5499.63 2310       0          
00002617440100011 041402  95127597202111012  68182.20 60   1136.37V   1136.37 2310       0          
00002617540100011 044534  95124219202111012 119841.60 24   4993.40V   4993.40 2310       0          
00002618150100011 044233  95093095202110302  89734.56 24   3738.94V   3738.94 2310       0          
00002618220100011 039619  95144256202111022 109918.80 60   1831.98V   1831.98 2310       0          
00002618680100011 044665  952067512021110421257455.04 48  26196.98V  26196.98 2310       0          
00002618690100011 044665  95206714202111042 156861.60 48   3267.95V   3267.95 2310       0          
00002619220100011 043019  95221682202111052 395639.04 24  16484.96V  16484.96 2310       0          
00002622070100011 040444  95332324202111122 494841.36 24  20618.39V  20618.39 2210       0          
00002624200100011 045596  95448156202111232  62979.84 24   2624.16V   2624.16 2210       0          
00002625860100011 045111  95644976202112012 363519.84 24  15146.66V  15146.66 2210       0          
00002626210100011 046719  95529759202111262 269913.36 24  11246.39V  11246.39 2210       0          
00002628620100011 044705  957991582021121321490280.00 60  24838.00V  24838.00 2210       0          
00002628770100011 042222  95814696202112142 215930.64 24   8997.11V   8997.11 2210       0          
00002629460100011 037261  95793407202112112 661698.57 39  16966.63V  16966.63 2210       0          
00002629470100011 037261  95793414202112112 250268.85 39   6417.15V   6417.15 2210       0          
00002630720100011 042383  95879148202112212 459608.40 36  12766.90V  12766.90 2110       0          
00002630730100011 042383  95879185202112212  14509.08 36    403.03V    403.03 2110       0          
00002630890100011 044145  95847587202112172 476118.36 36  13225.51V  13225.51 2210       0          
00002632020100011 045376  95865575202112202 306000.00 36   8500.00V   8500.00 2210       0          
00002632590100011 046682  95926994202112232 145702.32 24   6070.93V   6070.93 2110       0          
00002632710100011 047702  95929657202112232 203864.40 60   3397.74V   3397.74 2110       0          
00002633680100011 043763  96056017202201032 582809.04 24  24283.71V  24283.71 2110       0          
00002634880100011 042435  96215598202201122 341259.48 36   9479.43V   9479.43 2110       0          
00002636200100011 045603  96291805202201182 273562.56 36   7598.96V   7598.96 2110       0          
00002636210100011 045603  96291780202201182 590289.84 36  16396.94V  16396.94 2110       0          
00002636230100011 045707  96215376202201122 233925.12 24   9746.88V   9746.88 2110       0          
00002638030100011 046766  96349976202201222 283047.60 24  11793.65V  11793.65 2010       0          
00002638040100011 046766  96349960202201222 327620.88 24  13650.87V  13650.87 2010       0          
00002640310100011 034936  96622705202202042 250991.04 24  10457.96V  10457.96 2010       0          
00002640320100011 034936  96622667202202042 340223.04 24  14175.96V  14175.96 2010       0          
00002642330100011 041064  96783802202202142  76774.32 36   2132.62V   2132.62 1630       0          
00002643200100011 043457  96778415202202122 193966.32 24   8081.93V   8081.93 2010       0          
00002644920100011 046035  96845291202202182 574502.16 24  23937.59V  23937.59 2010       0          
00002646350100011 040889  97051960202203032 288600.00 60   4810.00V   4810.00 1910       0          
00002646360100011 040889  97051953202203032 146758.80 60   2445.98V   2445.98 1910       0          
00002646500100011 036901  968578832022021921200057.00 60  20000.95V  20000.95 2010       0          
00002646640100011 040262  96847044202202182 987997.72 38  25999.94V  25999.94 2010       0          
00002646710100011 043147  96878489202202212 229270.68 36   6368.63V   6368.63 1910       0          
00002646720100011 043147  96878558202202212 373341.60 36  10370.60V  10370.60 1910       0          
00002647470100011 046017  96945885202202242 372873.84 24  15536.41V  15536.41 1910       0          
00002648200100011 040815  970663432022030521686763.20 60  28112.72V  28112.72 1910       0          
00002650790100011 037754  97250251202203162 192318.28 44   4370.87V   4370.87 1910       0          
00002650860100011 044793  97241581202203152 479548.44 36  13320.79V  13320.79 1910       0          
00002650880100011 046018  97313737202203212 781379.66 43  18171.62V  18171.62 1810       0          
00002653320100011 037165  97284199202203182 261472.08 24  10894.67V  10894.67 1910       0          
00002654260100011 045756  97328072202203222 306619.56 18  17034.42V  17034.42 1810       0          
00002654600100011 043418  97377872202203252 161224.20 18   8956.90V   8956.90 1810       0          
00002656510100011 044355  97643836202204112 224645.04 24   9360.21V   9360.21 1810       0          
00002656790100011 046154  97589572202204072 184135.20 24   7672.30V   7672.30 1810       0          
00002656950100011 044669  97605890202204082 375329.88 36  10425.83V  10425.83 1810       0          
00002658930100011 044316  97648844202204112 140863.44 24   5869.31V   5869.31 1810       0          
00002660090100011 044145  97702419202204132 297148.32 24  12381.18V  12381.18 1810       0          
00002660100100011 044145  97702402202204132 105848.40 24   4410.35V   4410.35 1810       0          
00002661260100011 045730  97819497202204222 508553.43 19  26765.97V  26765.97 1710       0          
00002662350100011 044873  97820541202204222 187519.68 24   7813.32V   7813.32 1610       0          
00002666750100011 039736  980681192022050621157903.64 36  32163.99V  32163.99 1710       0          
00002666760100011 039736  98068102202205062 134082.72 36   3724.52V   3724.52 1710       0          
00002668280100011 036414  98206902202205172 194310.30 30   6477.01V   6477.01 1610       0          
00002669490100011 043437  98425034202205242 337675.52 32  10552.36V  10552.36 1610       0          
00002672380100011 046083  98530099202205312 147826.08 48   3079.71V   3079.71 1610       0          
00002672780100011 037595  98396016202205232 287832.96 36   7995.36V   7995.36 1610       0          
00002673720100011 044900  98602199202206012 422094.60 60   7034.91V   7034.91 1610       0          
00002674590100011 044793  98667865202206072 164301.60 48   3422.95V   3422.95 1610       0          
00002674720100011 045786  98646496202206062  60896.52 36   1691.57V   1691.57 1610       0          
00002674790100011 046140  98648491202206062 161244.00 36   4479.00V   4479.00 1610       0          
00002674810100011 036380  98648905202206062  93940.08 24   3914.17V   3914.17 1610       0          
00002674880100011 044360  98692992202206082 142570.80 18   7920.60V   7920.60 1610       0          
00002678520100011 041064  98816376202206162 236976.12 36   6582.67V   6582.67 1230       0          
00002679510100011 040336  98803639202206152 140795.04 48   2933.23V   2933.23 1610       0          
00002681470100011 038389  98921082202206242 526751.76 24  21947.99V  21947.99 1510       0          
00002681620100011 044752  99065005202207012 449173.44 24  18715.56V  18715.56 1510       0          
00002683710100011 038782  99222482202207112 141041.70 18   7835.65V   7835.65 1510       0          
00002684470100011 042564  99340880202207192 394645.68 22  17938.44V  17938.44 1510       0          
00002684510100011 039681  99336342202207192 150664.08 12  12555.34V  12555.34  530       0          
00002684620100011 042419  99354164202207202 203209.68 24   8467.07V   8467.07 1510       0          
00002685640100011 043157  99422418202207252 207041.04 36   5751.14V   5751.14 1410       0          
00002686130100011 044768  99391593202207222 215014.02 26   8269.77V   8269.77 1410       0          
00002687450100011 036380  99662588202208082 457008.00 24  19042.00V  19042.00 1410       0          
00002687460100011 036380  99662702202208082 305447.28 24  12726.97V  12726.97 1410       0          
00002688840100011 048186  996967852022080921878877.20 60  31314.62V  31314.62 1410       0          
00002690240100011 038782  99793632202208162  36501.38 17   2147.14V   2147.14 1410       0          
00002693200100011 044145  99839847202208192 246831.48 36   6856.43V   6856.43 1410       0          
00002693320100011 044813 100121568202209052 218399.52 24   9099.98V   9099.98 1310       0          
00002693330100011 044813 100121613202209052 102542.40 24   4272.60V   4272.60 1310       0          
00002693980100011 036384  99841473202208192 357018.88 23  15522.56V  15522.56 1410       0          
00002697650100011 039900  99970202202208262 302402.88 18  16800.16V  16800.16 1310       0          
00002697730100011 044900  99965998202208262 375737.40 60   6262.29V   6262.29 1310       0          
00002698980100011 046404 100204158202209082 301476.78 18  16748.71V  16748.71 1310       0          
00002700180100011 041517 100296955202209132 201412.08 18  11189.56V  11189.56 1310       0          
00002702630100011 046140 100551274202209302 356571.00 36   9904.75V   9904.75 1210       0          
00002705900100011 045050 100540974202209292 212690.94 22   9667.77V   9667.77 1210       0          
00002705920100011 046348 100452590202209232 475765.44 24  19823.56V  19823.56 1210       0          
00002706660100011 045707 100484657202209272 302515.74 18  16806.43V  16806.43 1210       0          
00002708280100011 048727 100614545202210032 198600.24 24   8275.01V   8275.01 1210       0          
00002709440100011 047061 100802536202210132 842064.48 24  35086.02V  35086.02 1010       0          
00002712580100011 045786 100965005202210242 105531.36 24   4397.14V   4397.14 1110       0          
00002715440100011 039736 101091035202210282 310312.80 24  12929.70V  12929.70 1110       0          
00002722840100011 044462 101961418202212022 125417.52 18   6967.64V   6967.64 1010       0          
00002723390100011 047189 102066110202212072 496500.24 24  20687.51V  20687.51 1010       0          
00002731410100011 042969 102713194202301302 332322.84 18  18462.38V  18462.38  810       0          
00002731960100011 042811 102743516202301312 333230.88 12  27769.24V  27769.24  810       0          
00002738110100011 042419 102989507202302172 562936.64 28  20104.88V  20104.88  810       0          
00002742950100011 044360 103035085202302222 667972.74 38  17578.23V  17578.23  710       0          
00002743090100011 037595 103043426202302232 219644.26 29   7573.94V   7573.94  710       0          
00002743230100011 040304 1030361192023022221876198.56 48  39087.47V  39087.47  710       0          
00002743530100011 039900 103036416202302222 501515.52 24  20896.48V  20896.48  710       0          
00002743650100011 048104 1030927212023022721704470.04 36  47346.39V  47346.39  710       0          
00002745620100011 044019 103194998202303032 412164.00 36  11449.00V  11449.00  710       0          
00002746710100011 044752 103280285202303082 540000.00 36  15000.00V  15000.00  710       0          
00002747890100011 036150 103429212202303202 879363.84 24  36640.16V  36640.16  710       0          
00002752090100011 046751 1034719542023032321260748.32 39  32326.88V  32326.88  610       0          
00002752510100011 041064 103614925202304032 465602.00 25  18624.08V  18624.08  230       0          
00002755310100011 043906 1036667742023040521210535.28 36  33625.98V  33625.98  610       0          
00002755540100011 037754 103756671202304122 321730.20 18  17873.90V  17873.90  610       0          
00002761040100011 042137 1039766392023042822144830.08 48  44683.96V  44683.96  510       0          
00002761250100011 043457 1039533712023042621196252.28 36  33229.23V  33229.23  510       0          
00002763880100011 042034 103971866202304272 825768.24 24  34407.01V  34407.01  510       0          
00002764990100011 048783 103965643202304272 645864.66 18  35881.37V  35881.37  510       0          
00002765000100011 048098 103954604202304262 429490.80 18  23860.60V  23860.60  510       0          
00002765470100011 042599 103976645202304282 523566.12 12  43630.51V  43630.51  510       0          
00002765800100011 036380 103955185202304262 208758.36 12  17396.53V  17396.53  510       0          
00002767190100011 048866 104131181202305102 999935.64 36  27775.99V  27775.99  510       0          
00002767550100011 045786 104130997202305102 142680.00 24   5945.00V   5945.00  510       0          
00002767570100011 047189 104140906202305122 470585.76 24  19607.74V  19607.74  510       0          
00002770470100011 037897 104226647202305182 285936.00 12  23828.00V  23828.00  410       0          
00002770700100011 037754 104374496202305312 511003.08 36  14194.53V  14194.53  410       0          
00002771020100011 046058 104231616202305182 124272.00 12  10356.00V  10356.00  410       0          
00002778110100011 037595 104640756202306142 315049.02 26  12117.27V  12117.27  410       0          
00002778870100011 038720 1047613592023062621799998.56 36  49999.96V  49999.96  310       0          
00002779690100011 040811 104720838202306222 526127.52 24  21921.98V  21921.98  310       0          
00002780060100011 038288 1047205612023062221284959.04 24  53539.96V  53539.96  310       0          
00002780460100011 038119 104720171202306222 286271.76 24  11927.99V  11927.99  310       0          
00002781940100011 042233 104984313202307132 783131.64 12  65260.97V  65260.97  310       0          
00002782470100011 047334 1049849312023071321167766.92 36  32437.97V  32437.97  310       0          
00002783620100011 043776 1049830062023071321206879.36 24  50286.64V  50286.64  310       0          
00002783920100011 043970 1050389212023072022965053.60 48  61771.95V  61771.95  310       0          
00002786680100011 045111 105280605202308102 782612.88 24  32608.87V  32608.87  210       0          
00002788520100011 038389 1052826772023081021150260.24 24  47927.51V  47927.51  210       0          
00002790870100011 045168 105404057202308242 823266.72 18  45737.04V  45737.04  110       0          
00002793550100011 037754 105491678202308312 571055.76 36  15862.66V  15862.66  110       0          
00002793650100011 045956 1053830122023082321651198.32 24  68799.93V  68799.93  110       0          
00002800060100011 043776 105685413202309162 739198.32 24  30799.93V  30799.93  110       0          
