00002596701202281 034416         1202109142  98100.00 48   6294.00F   6294.00 2410       0          
00002597491202281 031063         2202109152 288000.00 24  23928.62F  23928.62 2410       0          
00002621821202281 041743         32021111022392929.29 24  29088.23F  29088.23 2310       0          
00002624781202281 031063         4202111252 174747.00 24  12936.41F  12936.41 2110       0          
00002632791202281 033963         5202112302 418182.00 24  30958.00F  30958.00 2110       0          
00002657661202281 042531         8202204082 391920.00 48  22404.71F  22404.71 1710       0          
00002658811202281 031343         7202204082  46465.00 48   2656.23F   2656.23 1390       0          
00002664791202281 043368         8202204282 200000.00 24  14806.00F  14806.00 1410       0          
00002670791202281 034416        10202205192  71717.00 48   4377.14F   4377.14 1610       0          
00002672751202281 031457         9202205232 237374.00 48  14490.00F  14490.00 1610       0          
00002676381202281 039823        12202206092 490909.00 48  29961.82F  29961.82 1510       0          
00002681601202281 032559        11202206222 364646.00 48  22255.59F  22255.59 1510       0          
00002685761202281 037552        13202207262  67677.00 48   4131.00F   4131.00 1410       0          
00002686761202281 033601        14202208022 358586.00 48  21886.00F  21886.00 1310       0          
00002691411202281 043362        15202208222 927300.00 24  38637.50F  38637.50 1010       0          
00002700521202281 037552        16202209062 508980.96 48  10603.77F  10603.77 1210       0          
00002700891202281 032942        172022091221228896.00 24  51204.00F  51204.00 1210       0          
00002710711202281 043905        18202210122 354600.00 24  14775.00F  14775.00 1110       0          
00002712161202281 046350        19202210182 697050.00 30  23235.00F  23235.00 1110       0          
00002714471202281 047163        20202210312 624120.00 24  26005.00F  26005.00 1010       0          
00002720861202281 035730        212022112221049310.00 18  58295.00F  58295.00 1010       0          
00002735211202281 045911        23202302032 384480.00 48   8010.00F   8010.00  810       0          
00002735431202281 038067        222023020221302240.00 48  27130.00F  27130.00  810       0          
00002736931202281 040194        25202302092 378240.00 24  15760.00F  15760.00  810       0          
00002738211202281 044864        24202302082 401040.00 48   8355.00F   8355.00  810       0          
00002745811202281 033244        26202302282 682080.00 48  14210.00F  14210.00  810       0          
00002762571202281 038326        27202304212 653280.00 48  13610.00F  13610.00  610       0          
00002762631202281 036190        282023042121405440.00 48  29280.00F  29280.00  610       0          
00002765941202281 044864        29202304272 496080.00 48  10335.00F  10335.00  410       0          
00002766941202281 040116        302023050821198800.00 48  24975.00F  24975.00  410       0          
00002767171202281 035356        312023050922663280.00 36  73980.00F  73980.00  410       0          
00002771811202281 048832        32202305192 833100.00 30  27770.00F  27770.00  410       0          
00002772411202281 034416        35202305192 620160.00 48  12920.00F  12920.00  410       0          
00002772581202281 036083        33202305192 803160.00 36  22310.00F  22310.00  410       0          
00002772921202281 031457        34202305192 447960.00 12  37330.00F  37330.00  410       0          
00002777051202281 037657        362023061322149680.00 48  44785.00F  44785.00  410       0          
00002780341202281 029864        37202306162 358380.00 12  29865.00F  29865.00  410       0          
00002781021202281 049499        38202306232 256380.00 12  21365.00F  21365.00  410       0          
00002781151202281 048977        392023062322445600.00 48  50950.00F  50950.00  410       0          
00002781241202281 043905        40202307142 496080.00 48  10335.00F  10335.00  310       0          
00002783851202281 031457        41202307142 672930.00 18  37385.00F  37385.00  310       0          
00002788091202281 034748        422023081121037400.00 24  43225.00F  43225.00  210       0          
00002793671202281 040194        45202309072 645164.40 24  26881.85F  26881.85  110       0          
00002794371202281 047837        432023082921837496.16 36  51041.56F  51041.56  210       0          
00002794441202281 037552        44202308292 444268.80 36  12340.80F  12340.80  210       0          
