00002303641200271 044794   1022796201711292 291610.80 72   4050.15F   4050.15 7010       00000000000
00002304431200271 039754   1023034201712012 307811.52 72   4275.16F   4275.16 7010       00000000000
00002304821200271 034351   1023266201712052 139721.76 72   1940.58F   1940.58 7010       00000000000
00002304831200271 034351   1023266201712052 208591.20 72   2897.10F   2897.10 7010       00000000000
00002305701200271 037854   1023450201712072  88455.60 72   1228.55F   1228.55 7010       00000000000
00002306711200271 039862   1024151201712202  22869.36 72    317.63F    317.63 6910       00000000000
00002306721200271 039862   1024151201712202 330303.60 72   4587.55F   4587.55 6910       00000000000
00002306881200271 037478   1023927201712152   4996.80 72     69.40F     69.40 7010       00000000000
00002306891200271 037478   1023927201712152 409091.04 72   5681.82F   5681.82 7010       00000000000
00002308421200271 042446   1024374201712222 109192.32 72   1516.56F   1516.56 6910       00000000000
00002308611200271 043978   1025106201801052 106924.32 72   1485.06F   1485.06 6910       00000000000
00002309221200271 032418   1024610201712272 865436.40 72  12019.95F  12019.95 6910       00000000000
00002309241200271 043790   1024903201801022 354144.96 72   4918.68F   4918.68 6830       00000000000
00002309991200271 036983   1024885201801022   3057.84 72     42.47F     42.47 6910       00000000000
00002310001200271 036983   1024885201801022 183897.36 72   2554.13F   2554.13 6910       00000000000
00002310381200271 039275   1025409201801102   1509.84 72     20.97F     20.97 6910       00000000000
00002310391200271 039275   1025409201801102 280380.96 72   3894.18F   3894.18 6910       00000000000
00002311231200271 040474   1025779201801152 767908.80 72  10665.40F  10665.40 6910       00000000000
00002313661200271 033525   1026057201801182 453617.28 72   6300.24F   6300.24 6910       00000000000
00002316121200271 041942   1026639201801252 139077.36 72   1931.63F   1931.63 6810       00000000000
00002316131200271 041942   1026639201801252 320371.92 72   4449.61F   4449.61 6810       00000000000
00002316611200271 042148   1026691201801252  71606.88 72    994.54F    994.54 6810       00000000000
00002317271200271 040191   1027280201802022 460097.28 72   6390.24F   6390.24 6810       00000000000
00002319941200271 045633   1027831201802092 486018.00 72   6750.25F   6750.25 6810       00000000000
00002321061200271 041814   1028316201802192  14171.04 72    196.82F    196.82 6710       00000000000
00002321071200271 041814   1028316201802192 259619.04 72   3605.82F   3605.82 6710       00000000000
00002321991200271 041818   1028733201802222  57908.88 72    804.29F    804.29 6710       00000000000
00002322001200271 041818   1028733201802222 275823.36 72   3830.88F   3830.88 6710       00000000000
00002323341200271 040559   1028586201802212 215877.60 72   2998.30F   2998.30 6710       00000000000
00002323351200271 040559   1028586201802212 321334.56 72   4462.98F   4462.98 6710       00000000000
00002325981200271 034914   1029425201803012 570909.60 72   7929.30F   7929.30 6710       00000000000
00002328711200271 038546   1030222201803122 617891.04 72   8581.82F   8581.82 6710       00000000000
00002329681200271 041648   1030854201803192 617823.52 68   9085.64F   9085.64 6610       00000000000
00002334121200271 032261   1032031201804032  90396.72 72   1255.51F   1255.51 6610       00000000000
00002334131200271 032261   1032031201804032 125071.20 72   1737.10F   1737.10 6610       00000000000
00002336201200271 036531   1033480201804182   3767.04 72     52.32F     52.32 6610       00000000000
00002336211200271 036531   1033480201804182 174115.44 72   2418.27F   2418.27 6610       00000000000
00002336741200271 036736   1033594201804192 698245.92 72   9697.86F   9697.86 6510       00000000000
00002337401200271 041814   1033999201804242  59618.16 72    828.03F    828.03 6510       00000000000
00002341921200271 036650   1036304201805222 433744.56 72   6024.23F   6024.23 6410       00000000000
00002341931200271 036650   1036304201805222 252513.36 72   3507.13F   3507.13 6410       00000000000
00002342711200271 032169   1036340201805222 271414.80 72   3769.65F   3769.65 6410       00000000000
00002342721200271 032169   1036340201805222 247004.64 72   3430.62F   3430.62 6410       00000000000
00002352001200271 030893   1042235201808102 119000.88 72   1652.79F   1652.79 6210       00000000000
00002352011200271 030893   1042235201808102 290648.88 72   4036.79F   4036.79 6210       00000000000
00002353111200271 039112   1042279201808102  63360.00 72    880.00F    880.00 6210       00000000000
00002353121200271 039112   1042279201808102 393838.56 72   5469.98F   5469.98 6210       00000000000
