00000385770   631 028011      5309199303291      0.00  0   1290.00V   1290.00  010       0          
00000389550   631 030578      7608199812221      0.00  0   1290.00V   1290.00  090       0          
00000392760   631 030755      7846199910151      0.00  0   1290.00V   1290.00  010       0          
00001011751 10101 032257      8370200309161      0.00  0   1290.00V   1290.00  010       0          
00001065010 10101 032874      8807200408231      0.00  0   1290.00V   1290.00  010       0          
00001298030 10101 036140      9343200712041      0.00  0   1290.00V   1290.00  010       0          
00001388600 10101 037314      9468200811061      0.00  0   1290.00V   1290.00  010       0          
00001411330 10101 030722      9524200902051      0.00  0   1290.00V   1290.00  010       0          
00001415470 10101 034744      9547200903051      0.00  0   1290.00V   1290.00  010       0          
00001424510 10101 035188      9558200903301      0.00  0   1290.00V   1290.00  010       0          
00001440790 10101 032393      9580200906181      0.00  0   1290.00V   1290.00  010       0          
00001464580 10101 034458      9604200909141      0.00  0   1290.00V   1290.00  010       0          
00001481820 10101 034274      9628200911121      0.00  0   1290.00V   1290.00  010       0          
00001483930 10101 032004      9627200911111      0.00  0   1290.00V   1290.00  010       0          
00001484420 10101 032434      9633200911191      0.00  0   1290.00V   1290.00  010       0          
00001491420 10101 036153      9637200912111      0.00  0   1290.00V   1290.00  010       0          
00001500290 10101 037224      9652201001051      0.00  0   1290.00V   1290.00  030       0          
00001621800 10101 030674      9352201011161      0.00  0   1290.00V   1290.00  010       0          
00001673790 10101 033480      9782201103281      0.00  0   1290.00V   1290.00  010       0          
00001702090 10101 032627      9805201106131      0.00  0   1290.00V   1290.00  010       0          
00002039791401591 040039     10050201410081      0.00  0   1290.00V   1290.00  010       0          
00002044381401591 037473     10055201410271      0.00  0   1290.00V   1290.00  010       0          
00002044891401591 037666     10060201410301      0.00  0   1290.00V   1290.00  010       0          
00002441000401591 039441     10641201910251      0.00  0   1290.00V   1290.00  010       0          
00002441380401591 040947     10640201910251      0.00  0   1290.00V   1290.00  010       0          
00002444480401591 040369     10642201910251      0.00  0   1290.00V   1290.00  010       0          
00002453930401591 040116     10644201911281      0.00  0   1290.00V   1290.00  010       0          
00002454740401591 032055     10671201912061      0.00  0   1290.00V   1290.00  010       0          
00002455180401591 037115     10674201912131      0.00  0   1290.00V   1290.00  010       0          
00002455700401591 032416     10268201912121      0.00  0   1290.00V   1290.00  010       0          
00002455970401591 040419     10560201912131      0.00  0   1290.00V   1290.00  010       0          
00002455980401591 036769     10561201912131      0.00  0   1290.00V   1290.00  010       0          
00002456290401591 045192     10676201912161      0.00  0   1290.00V   1290.00  010       0          
00002460870401591 040522     10100202002041      0.00  0   1290.00V   1290.00  010       0          
00002465620401591 040059     10066202002051      0.00  0   1290.00V   1290.00  010       0          
00002466200401591 045901      6029202002131      0.00  0   1290.00V   1290.00  010       0          
00002466730401591 035038     10680202002071      0.00  0   1290.00V   1290.00  010       0          
00002466750401591 040622     10679202002071      0.00  0   1290.00V   1290.00  010       0          
00002466870401591 042023     10186202002121      0.00  0   1290.00V   1290.00  010       0          
00002467620401591 046211     10681202002111      0.00  0   1290.00V   1290.00  010       0          
00002468920401591 045316     10687202002201      0.00  0   1290.00V   1290.00  010       0          
00002469010401591 034046     10692202003021      0.00  0   1290.00V   1290.00  010       0          
00002469050401591 032309      9333202002211      0.00  0   1290.00V   1290.00  010       0          
00002470170401591 039234     10689202002281      0.00  0   1290.00V   1290.00  010       0          
00002471900401591 040362     10693202003091      0.00  0   1290.00V   1290.00  010       0          
00002473090401591 035614     10699202003171      0.00  0   1290.00V   1290.00  010       0          
00002473390401591 044452     10578202003111      0.00  0   1290.00V   1290.00  010       0          
00002473750401591 038434     10523202003121      0.00  0   1290.00V   1290.00  010       0          
00002474320401591 041249     10696202003131      0.00  0   1290.00V   1290.00  010       0          
00002476460401591 038802     10702202003181      0.00  0   1290.00V   1290.00  010       0          
00002482390401591 043153     10196202005181      0.00  0   1290.00V   1290.00  010       0          
00002483940401591 046698     10625202006081      0.00  0   1290.00V   1290.00  010       0          
00002484940401591 034400     10618202006091      0.00  0   1290.00V   1290.00  010       0          
00002486790401591 040492     10542202006221      0.00  0   1290.00V   1290.00  010       0          
00002486910401591 037417     10420202006221      0.00  0   1290.00V   1290.00  010       0          
00002490610401591 043787     10716202007271      0.00  0   1290.00V   1290.00  010       0          
00002491010401591 044496     10715202007271      0.00  0   1290.00V   1290.00  010       0          
00002491580401591 040772     10659202008031      0.00  0   1290.00V   1290.00  010       0          
00002492060401591 037729     10628202008101      0.00  0   1290.00V   1290.00  010       0          
00002492280401591 041222     10502202008101      0.00  0   1290.00V   1290.00  010       0          
00002492810401591 038732     10717202008101      0.00  0   1290.00V   1290.00  010       0          
00002493560401591 046612     10666202008181      0.00  0   1290.00V   1290.00  010       0          
00002493840401591 041592     10626202008191      0.00  0   1290.00V   1290.00  010       0          
00002494460401591 038792     10530202008241      0.00  0   1290.00V   1290.00  010       0          
00002495650401591 038056     10568202009011      0.00  0   1290.00V   1290.00  010       0          
00002496660401591 046187     10610202009011      0.00  0   1290.00V   1290.00  010       0          
00002497371401591 040460      1853202009072 106147.80 12   8845.65F   8845.65 1130       0          
00002497370401591 040460     10721202009071      0.00  0   1290.00V   1290.00  030       0          
00002497950401591 042805     10713202009141      0.00  0   1290.00V   1290.00  010       0          
00002500240401591 034320     10531202009211      0.00  0   1290.00V   1290.00  010       0          
00002500420401591 037845     10490202009241      0.00  0   1290.00V   1290.00  010       0          
00002501790401591 037523     10724202009281      0.00  0   1290.00V   1290.00  010       0          
00002504600401591 033432     10587202010131      0.00  0   1290.00V   1290.00  010       0          
00002506310401591 036346     10729202011021      0.00  0   1290.00V   1290.00  010       0          
00002507980401591 035699     10597202011021      0.00  0   1290.00V   1290.00  010       0          
00002509500401591 044131     10455202011051      0.00  0   1290.00V   1290.00  010       0          
00002511320401591 034001     10737202012031      0.00  0   1290.00V   1290.00  010       0          
00002512840401591 037327     10736202011301      0.00  0   1290.00V   1290.00  010       0          
00002513380401591 044071     10569202011301      0.00  0   1290.00V   1290.00  010       0          
00002514940401591 041934     10620202012141      0.00  0   1290.00V   1290.00  010       0          
00002515520401591 038068     10739202012161      0.00  0   1290.00V   1290.00  010       0          
00002518760401591 039751     10546202101041      0.00  0   1290.00V   1290.00  010       0          
00002522710401591 046584     10743202101181      0.00  0   1290.00V   1290.00  010       0          
00002527380401591 037966     10748202102021      0.00  0   1290.00V   1290.00  010       0          
00002527880401591 045566     10753202102081      0.00  0   1290.00V   1290.00  010       0          
00002528150401591 045036     10746202102081      0.00  0   1290.00V   1290.00  010       0          
00002528790401591 031831     10380202102081      0.00  0   1290.00V   1290.00  010       0          
00002529230401591 042897     10750202102081      0.00  0   1290.00V   1290.00  010       0          
00002529240401591 038335     10752202102081      0.00  0   1290.00V   1290.00  010       0          
00002532180401591 038598     10525202102101      0.00  0   1290.00V   1290.00  010       0          
00002544770401591 045871     10762202103221      0.00  0   1290.00V   1290.00  010       0          
00002545680401591 040557     10197202103221      0.00  0   1290.00V   1290.00  010       0          
00002545750401591 035859     10757202103221      0.00  0   1290.00V   1290.00  010       0          
00002545790401591 042951     10747202103221      0.00  0   1290.00V   1290.00  010       0          
00002546310401591 035569     10755202103221      0.00  0   1290.00V   1290.00  010       0          
00002546510401591 041638     10758202103231      0.00  0   1290.00V   1290.00  010       0          
00002546530401591 037146     10732202103231      0.00  0   1290.00V   1290.00  010       0          
00002547030401591 033460     10756202103221      0.00  0   1290.00V   1290.00  010       0          
00002547060401591 043334     10764202103221      0.00  0   1290.00V   1290.00  010       0          
00002547950401591 044666     10611202103301      0.00  0   1290.00V   1290.00  010       0          
00002549210401591 046677     10765202103301      0.00  0   1290.00V   1290.00  010       0          
00002549460401591 034722     10470202103301      0.00  0   1290.00V   1290.00  010       0          
00002551620401591 045329     10768202104121      0.00  0   1290.00V   1290.00  010       0          
00002555930401591 037902     10760202104271      0.00  0   1290.00V   1290.00  010       0          
00002556510401591 040383     10770202104191      0.00  0   1290.00V   1290.00  010       0          
00002558140401591 033819     10584202104261      0.00  0   1290.00V   1290.00  010       0          
00002558570401591 040566     10339202104261      0.00  0   1290.00V   1290.00  010       0          
00002559260401591 032137     10650202105041      0.00  0   1290.00V   1290.00  010       0          
00002559410401591 043642     10685202105031      0.00  0   1290.00V   1290.00  010       0          
00002560440401591 042649     10135202105031      0.00  0   1290.00V   1290.00  010       0          
00002560760401591 038828     10761202105031      0.00  0   1290.00V   1290.00  010       0          
00002560940401591 043701     10774202105031      0.00  0   1290.00V   1290.00  010       0          
00002561760401591 037876     10775202105031      0.00  0   1290.00V   1290.00  010       0          
00002563300401591 041681     10771202105101      0.00  0   1290.00V   1290.00  010       0          
00002564100401591 044737     10632202106041      0.00  0   1290.00V   1290.00  010       0          
00002565150401591 041868     10773202105171      0.00  0   1290.00V   1290.00  010       0          
00002566070401591 037307     10769202105261      0.00  0   1290.00V   1290.00  010       0          
00002567220401591 039329      9875202105261      0.00  0   1290.00V   1290.00  010       0          
00002567510401591 031564     10780202105261      0.00  0   1290.00V   1290.00  010       0          
00002568840401591 042555     10781202106011      0.00  0   1290.00V   1290.00  010       0          
00002570450401591 038661     10776202106071      0.00  0   1290.00V   1290.00  010       0          
00002570600401591 034462     10783202106071      0.00  0   1290.00V   1290.00  010       0          
00002572490401591 045761     10609202106141      0.00  0   1290.00V   1290.00  010       0          
00002573540401591 042841     10114202106241      0.00  0   1290.00V   1290.00  010       0          
00002574280401591 044242     10308202106221      0.00  0   1290.00V   1290.00  010       0          
00002574700401591 040830     10711202106221      0.00  0   1290.00V   1290.00  010       0          
00002574890401591 045178     10784202106221      0.00  0   1290.00V   1290.00  010       0          
00002575530401591 047539     10787202106281      0.00  0   1290.00V   1290.00  010       0          
00002578060401591 044143     10790202107051      0.00  0   1290.00V   1290.00  010       0          
00002581590401591 042656     10792202107261      0.00  0   1290.00V   1290.00  010       0          
00002583250401591 046385     10793202108091      0.00  0   1290.00V   1290.00  010       0          
00002583380401591 042220     10794202108091      0.00  0   1290.00V   1290.00  010       0          
00002583990401591 035308     10797202108091      0.00  0   1290.00V   1290.00  010       0          
00002585660401591 042823     10786202108171      0.00  0   1290.00V   1290.00  010       0          
00002585990401591 041703     10800202108171      0.00  0   1290.00V   1290.00  010       0          
00002590220401591 038334     10803202108271      0.00  0   1290.00V   1290.00  010       0          
00002591160401591 039311     10744202108271      0.00  0   1290.00V   1290.00  010       0          
00002591370401591 047311     10804202108301      0.00  0   1290.00V   1290.00  010       0          
00002591670401591 042046     10805202108301      0.00  0   1290.00V   1290.00  010       0          
00002591860401591 040209     10324202108301      0.00  0   1290.00V   1290.00  010       0          
00002592580401591 038418     10796202109021      0.00  0   1290.00V   1290.00  010       0          
00002592670401591 044252     10303202109021      0.00  0   1290.00V   1290.00  010       0          
00002594410401591 043707     10813202109131      0.00  0   1290.00V   1290.00  010       0          
00002594670401591 039454     10808202109091      0.00  0   1290.00V   1290.00  010       0          
00002596130401591 038551     10812202109131      0.00  0   1290.00V   1290.00  010       0          
00002597330401591 031309     10801202109131      0.00  0   1290.00V   1290.00  010       0          
00002597370401591 033435     10810202109101      0.00  0   1290.00V   1290.00  010       0          
00002597410401591 046705     10795202109161      0.00  0   1290.00V   1290.00  010       0          
00002598990401591 037100     10815202109201      0.00  0   1290.00V   1290.00  010       0          
00002599040401591 032327     10811202109201      0.00  0   1290.00V   1290.00  010       0          
00002600330401591 041068     10818202109241      0.00  0   1290.00V   1290.00  010       0          
00002600430401591 047160     10822202109241      0.00  0   1290.00V   1290.00  010       0          
00002601700401591 046736     10825202109301      0.00  0   1290.00V   1290.00  010       0          
00002601960401591 045757     10821202109301      0.00  0   1290.00V   1290.00  010       0          
00002604040401591 046833     10817202110041      0.00  0   1290.00V   1290.00  010       0          
00002604230401591 033950     10807202110041      0.00  0   1290.00V   1290.00  010       0          
00002605860401591 035286     10823202110121      0.00  0   1290.00V   1290.00  010       0          
00002607730401591 034740     10827202110141      0.00  0   1290.00V   1290.00  010       0          
00002615030401591 034623     10831202110251      0.00  0   1290.00V   1290.00  010       0          
00002616510401591 038544     10828202110281      0.00  0   1290.00V   1290.00  010       0          
00002617700401591 036750     10819202110281      0.00  0   1290.00V   1290.00  010       0          
00002618570401591 038872     10833202111051      0.00  0   1290.00V   1290.00  010       0          
00002619300401591 038679     10834202111051      0.00  0   1290.00V   1290.00  010       0          
00002619860401591 043259     10835202111081      0.00  0   1290.00V   1290.00  010       0          
00002622570401591 032860     10153202111161      0.00  0   1290.00V   1290.00  010       0          
00002623320401591 041037     10298202111171      0.00  0   1290.00V   1290.00  010       0          
00002623960401591 038815     10607202111231      0.00  0   1290.00V   1290.00  010       0          
00002623970401591 033348     10686202111231      0.00  0   1290.00V   1290.00  010       0          
00002624880401591 031820     10837202111231      0.00  0   1290.00V   1290.00  010       0          
00002626510401591 035907     10838202111261      0.00  0   1290.00V   1290.00  010       0          
00002628360401591 045633     10847202112131      0.00  0   1290.00V   1290.00  010       0          
00002628470401591 046748     10836202112141      0.00  0   1290.00V   1290.00  010       0          
00002629120401591 043085     10820202112131      0.00  0   1290.00V   1290.00  010       0          
00002629720401591 041814     10849202112151      0.00  0   1290.00V   1290.00  010       0          
00002630340401591 032621     10854202112201      0.00  0   1290.00V   1290.00  010       0          
00002631100401591 046838     10853202112201      0.00  0   1290.00V   1290.00  010       0          
00002631150401591 042751     10855202112201      0.00  0   1290.00V   1290.00  010       0          
00002631190401591 043005     10851202112171      0.00  0   1290.00V   1290.00  010       0          
00002642910401591 041511     10857202202101      0.00  0   1290.00V   1290.00  010       0          
00002646130401591 036751     10860202202211      0.00  0   1290.00V   1290.00  010       0          
00002647190401591 042059     10138202202241      0.00  0   1290.00V   1290.00  010       0          
00002648620401591 044101     10865202203071      0.00  0   1290.00V   1290.00  010       0          
00002648780401591 030330     10848202203081      0.00  0   1290.00V   1290.00  010       0          
00002649430401591 039775     10095202203101      0.00  0   1290.00V   1290.00  010       0          
00002650710401591 041282     10868202203141      0.00  0   1290.00V   1290.00  010       0          
00002651040401591 040773     10867202203141      0.00  0   1290.00V   1290.00  010       0          
00002651940401591 035264     10873202203251      0.00  0   1290.00V   1290.00  010       0          
00002652510401591 045071     10872202203231      0.00  0   1290.00V   1290.00  010       0          
00002652910401591 046297     10870202203221      0.00  0   1290.00V   1290.00  010       0          
00002653060401591 045789     10871202203221      0.00  0   1290.00V   1290.00  010       0          
00002654950401591 046334     10876202204041      0.00  0   1290.00V   1290.00  010       0          
00002655340401591 045708     10877202204051      0.00  0   1290.00V   1290.00  010       0          
00002657480401591 046523     10879202204071      0.00  0   1290.00V   1290.00  07220230911          
00002663020401591 044348     10890202204251      0.00  0   1290.00V   1290.00  010       0          
00002664990401591 048727     10895202204281      0.00  0   1290.00V   1290.00  010       0          
00002665020401591 046831     10893202204281      0.00  0   1290.00V   1290.00  010       0          
00002665030401591 048764     10894202204281      0.00  0   1290.00V   1290.00  010       0          
00002667040401591 046194     10897202205061      0.00  0   1290.00V   1290.00  010       0          
00002669280401591 039080     10900202205161      0.00  0   1290.00V   1290.00  010       0          
00002670130401591 034714     10651202205191      0.00  0   1290.00V   1290.00  010       0          
00002671050401591 035184     10911202206131      0.00  0   1290.00V   1290.00  010       0          
00002672360401591 031988     10905202205271      0.00  0   1290.00V   1290.00  010       0          
00002672560401591 043475     10906202205301      0.00  0   1290.00V   1290.00  010       0          
00002673970401591 046387     10907202206061      0.00  0   1290.00V   1290.00  010       0          
00002674740401591 043059     10590202206061      0.00  0   1290.00V   1290.00  010       0          
00002675030401591 042446     10908202206061      0.00  0   1290.00V   1290.00  010       0          
00002677680401591 036828     10824202206131      0.00  0   1290.00V   1290.00  010       0          
00002678210401591 036856     10912202206161      0.00  0   1290.00V   1290.00  010       0          
00002678410401591 041303     10913202206211      0.00  0   1290.00V   1290.00  010       0          
00002679050401591 042956     10914202206211      0.00  0   1290.00V   1290.00  010       0          
00002681720401591 038408     10245202206271      0.00  0   1290.00V   1290.00  010       0          
00002681960401591 035249     10916202206291      0.00  0   1290.00V   1290.00  010       0          
00002682200401591 041021     10917202206301      0.00  0   1290.00V   1290.00  010       0          
00002682450401591 036401     10915202206301      0.00  0   1290.00V   1290.00  010       0          
00002682660401591 047329     10920202207051      0.00  0   1290.00V   1290.00  010       0          
00002682850401591 036488     10925202207261      0.00  0   1290.00V   1290.00  010       0          
00002682860401591 032409     10921202207051      0.00  0   1290.00V   1290.00  010       0          
00002685310401591 041712     10923202207211      0.00  0   1290.00V   1290.00  010       0          
00002685980401591 038655     10924202207251      0.00  0   1290.00V   1290.00  010       0          
00002686520401591 038280     10899202207271      0.00  0   1290.00V   1290.00  010       0          
00002686800401591 047182     10896202207291      0.00  0   1290.00V   1290.00  010       0          
00002690990401591 034374     10929202208111      0.00  0   1290.00V   1290.00  010       0          
00002691140401591 043459     10930202208111      0.00  0   1290.00V   1290.00  010       0          
00002695000401591 045888     10934202208241      0.00  0   1290.00V   1290.00  010       0          
00002698360401591 045026     10935202208301      0.00  0   1290.00V   1290.00  010       0          
00002698890401591 041839     10667202209071      0.00  0   1290.00V   1290.00  010       0          
00002698910401591 036523     10933202209051      0.00  0   1290.00V   1290.00  010       0          
00002698950401591 045648     10937202209051      0.00  0   1290.00V   1290.00  010       0          
00002699460401591 044194     10938202209071      0.00  0   1290.00V   1290.00  010       0          
00002700030401591 033049     10941202209091      0.00  0   1290.00V   1290.00  010       0          
00002700090401591 039792     10939202209071      0.00  0   1290.00V   1290.00  010       0          
00002700260401591 042399     10940202209091      0.00  0   1290.00V   1290.00  010       0          
00002701140401591 042890     10388202209131      0.00  0   1290.00V   1290.00  010       0          
00002705600401591 049088     10942202209211      0.00  0   1290.00V   1290.00  010       0          
00002707840401591 040966     10948202209291      0.00  0   1290.00V   1290.00  010       0          
00002708890401591 039832     10949202210041      0.00  0   1290.00V   1290.00  010       0          
00002709840401591 048924     10944202210111      0.00  0   1290.00V   1290.00  010       0          
00002710090401591 045942     10951202210111      0.00  0   1290.00V   1290.00  010       0          
00002710110401591 046891     10863202210111      0.00  0   1290.00V   1290.00  010       0          
00002713850401591 045140     10954202210251      0.00  0   1290.00V   1290.00  010       0          
00002715350401591 034050     10958202211101      0.00  0   1290.00V   1290.00  010       0          
00002717270401591 043884     10710202211101      0.00  0   1290.00V   1290.00  010       0          
00002717330401591 042038     10959202211101      0.00  0   1290.00V   1290.00  010       0          
00002719240401591 039438     10964202211171      0.00  0   1290.00V   1290.00  010       0          
00002721300401591 037722     10061202211181      0.00  0   1290.00V   1290.00  010       0          
00002721310401591 041280     10965202211181      0.00  0   1290.00V   1290.00  010       0          
00002721610401591 046081     10973202212121      0.00  0   1290.00V   1290.00  010       0          
00002723710401591 042720     10970202212051      0.00  0   1290.00V   1290.00  010       0          
00002725870401591 046949     10974202212141      0.00  0   1290.00V   1290.00  010       0          
00002727360401591 045038     10969202212261      0.00  0   1290.00V   1290.00  010       0          
00002728110401591 038885     10960202212271      0.00  0   1290.00V   1290.00  010       0          
00002737390401591 041868      5720202302092 101851.83  9  11316.87F  11316.87  810       0          
00002737400401591 041868      5721202302092 244047.51  9  27116.39F  27116.39  810       0          
00002738950401591 040622      5750202302102 185673.33  9  20630.37F  20630.37  810       0          
00002738990401591 031191      5754202302102 140769.00  9  15641.00F  15641.00  810       0          
00002740500401591 032393      5797202302152 133283.79  9  14809.31F  14809.31  810       0          
00002740600401591 033756     10977202302151      0.00  0   1290.00V   1290.00  010       0          
00002740620401591 035655     10982202302151      0.00  0   1290.00V   1290.00  010       0          
00002741320401591 037314      5790202302152 118316.79  9  13146.31F  13146.31  810       0          
00002742000401591 032409      5828202302172 108588.15  9  12065.35F  12065.35  810       0          
00002742090401591 039077     10425202302241      0.00  0   1290.00V   1290.00  010       0          
00002742810401591 039311      5818202302172 155735.82  9  17303.98F  17303.98  810       0          
00002742930401591 044666      5821202302172 223091.19  9  24787.91F  24787.91  810       0          
00002743310401591 038513     10983202302171      0.00  0   1290.00V   1290.00  010       0          
00002743830401591 045761      5814202302172  65929.59  9   7325.51F   7325.51  710       0          
00002743840401591 030893     10972202302171      0.00  0   1290.00V   1290.00  010       0          
00002744330401591 037884     10985202302241      0.00  0   1290.00V   1290.00  010       0          
00002744450401591 038395     10986202302241      0.00  0   1290.00V   1290.00  010       0          
00002747200401591 047848     10984202303091      0.00  0   1290.00V   1290.00  010       0          
00002748190401591 042690     10995202303131      0.00  0   1290.00V   1290.00  010       0          
00002748260401591 039177     10992202303101      0.00  0   1290.00V   1290.00  010       0          
00002748320401591 031677     10981202303101      0.00  0   1290.00V   1290.00  010       0          
00002749250401591 046131     10991202303101      0.00  0   1290.00V   1290.00  010       0          
00002749390401591 047313     10994202303101      0.00  0   1290.00V   1290.00  010       0          
00002749710401591 044281     10993202303101      0.00  0   1290.00V   1290.00  010       0          
00002752210401591 046951     10931202303231      0.00  0   1290.00V   1290.00  010       0          
00002752500401591 043159     10998202303271      0.00  0   1290.00V   1290.00  010       0          
00002752810401591 035699      6073202303292 327720.42  6  54620.07F  54620.07  610       0          
00002752870401591 039196     10976202303291      0.00  0   1290.00V   1290.00  010       0          
00002752871401591 039196      6072202303292 207602.94  6  34600.49F  34600.49  610       0          
00002752920401591 041934      6054202303232 146209.14  6  24368.19F  24368.19  610       0          
00002753280401591 043787      6089202304032 263785.32  6  43964.22F  43964.22  610       0          
00002753330401591 034623      6076202303302 220949.70  6  36824.95F  36824.95  610       0          
00002753430401591 045888      6090202304032  80372.40  6  13395.40F  13395.40  610       0          
00002754240401591 038598      6077202303302 140870.94  6  23478.49F  23478.49  610       0          
00002754630401591 035264      6078202303302 327720.42  6  54620.07F  54620.07  610       0          
00002755690401591 044092     11000202304131      0.00  0   1290.00V   1290.00  010       0          
00002755691401591 044092      6151202304132 263785.32  6  43964.22F  43964.22  610       0          
00002756291401591 037557      6149202304132 331218.72  6  55203.12F  55203.12  610       0          
00002756290401591 037557     10996202304131      0.00  0   1290.00V   1290.00  010       0          
00002756600401591 034320      6150202304132 244904.64  6  40817.44F  40817.44  610       0          
00002756740401591 038679      6162202304142 263785.32  6  43964.22F  43964.22  610       0          
00002757010401591 034590     11002202304141      0.00  0   1290.00V   1290.00  010       0          
00002757011401591 034590      6161202304142 263785.32  6  43964.22F  43964.22  610       0          
00002757110401591 040772      6165202304142 331218.72  6  55203.12F  55203.12  610       0          
00002757680401591 035691     11001202304141      0.00  0   1290.00V   1290.00  010       0          
00002757681401591 035691      6160202304142 101950.38  6  16991.73F  16991.73  610       0          
00002757750401591 043153      6158202304142 263785.32  6  43964.22F  43964.22  610       0          
00002758580401591 033950      6159202304142  88463.82  6  14743.97F  14743.97  610       0          
00002759350401591 049467     10978202304201      0.00  0   1290.00V   1290.00  010       0          
00002759351401591 049467      6200202304202 128923.08  6  21487.18F  21487.18  610       0          
00002759450401591 031606     11005202304211      0.00  0   1290.00V   1290.00  010       0          
00002759451401591 031606      6218202304212 236814.12  6  39469.02F  39469.02  610       0          
00002760040401591 040209      6199202304202 331218.72  6  55203.12F  55203.12  610       0          
00002760060401591 045761      6196202304192  43284.90  6   7214.15F   7214.15  510       0          
00002760070401591 045761      6197202304192 101159.82  9  11239.98F  11239.98  510       0          
00002760300401591 037417      6201202304202 196355.34  6  32725.89F  32725.89  610       0          
00002760550401591 041814      6203202304202  80372.40  6  13395.40F  13395.40  510       0          
00002760560401591 041814      6204202304202  92809.62  9  10312.18F  10312.18  510       0          
00002760911401591 032499      6210202304202 263785.32  6  43964.22F  43964.22  610       0          
00002760910401591 032499     11003202304201      0.00  0   1290.00V   1290.00  010       0          
00002760930401591 033348      6211202304202  85766.70  6  14294.45F  14294.45  610       0          
00002761200401591 040492      6214202304202 331218.72  6  55203.12F  55203.12  610       0          
00002761820401591 046833      6225202304212 146454.54  6  24409.09F  24409.09  610       0          
00002762190401591 046970     11006202304211      0.00  0   1290.00V   1290.00  010       0          
00002762191401591 046970      6227202304212 155895.48  6  25982.58F  25982.58  610       0          
00002762430401591 046081      6226202304212  95206.98  6  15867.83F  15867.83  610       0          
00002763200401591 030330      6230202304242 263785.32  6  43964.22F  43964.22  610       0          
00002763510401591 032309      6206202304202 158091.66  9  17565.74F  17565.74  610       0          
00002763520401591 041280      6224202304212 155895.48  6  25982.58F  25982.58  610       0          
00002763590401591 041303      6231202304242 196355.34  6  32725.89F  32725.89  610       0          
00002763740401591 043059      6229202304242 196355.34  6  32725.89F  32725.89  610       0          
00002764660401591 038661      6251202304272 263785.32  6  43964.22F  43964.22  510       0          
00002764910401591 040830      6250202304272 159609.87  9  17734.43F  17734.43  510       0          
00002765180401591 043085      6249202304272 119482.86  6  19913.81F  19913.81  510       0          
00002765370401591 037314      6245202304262 158593.20  6  26432.20F  26432.20  510       0          
00002765640401591 035569      6247202304262 149152.56  6  24858.76F  24858.76  510       0          
00002765920401591 033049      6246202304262 169380.72  6  28230.12F  28230.12  510       0          
00002766210401591 039594      6262202305032  71180.88  6  11863.48F  11863.48  510       0          
00002766220401591 039594      6263202305032  65003.94  6  10833.99F  10833.99  510       0          
00002766430401591 036401      6256202304282 222845.28  6  37140.88F  37140.88  510       0          
00002766580401591 041222      6271202305032 274989.72  6  45831.62F  45831.62  510       0          
00002766790401591 044194      6292202305082 129384.06  6  21564.01F  21564.01  510       0          
00002767041401591 046090      6310202305092 133624.68  6  22270.78F  22270.78  510       0          
00002767040401591 046090     11012202305091      0.00  0   1290.00V   1290.00  010       0          
00002767451401591 032906      6293202305082 345673.62  6  57612.27F  57612.27  510       0          
00002767450401591 032906     11007202305081      0.00  0   1290.00V   1290.00  010       0          
00002767630401591 038434      6308202305092 217737.36  6  36289.56F  36289.56  510       0          
00002767700401591 032393      6332202305112 154830.48  6  25805.08F  25805.08  510       0          
00002767730401591 042897      6327202305112 167553.00  6  27925.50F  27925.50  510       0          
00002767750401591 036769      6417202305242 351896.94  6  58649.49F  58649.49  410       0          
00002767960401591 042421      6326202305112  67183.50  6  11197.25F  11197.25  510       0          
00002768420401591 038056      6325202305112 345673.62  6  57612.27F  57612.27  510       0          
00002769170401591 040522      6339202305122 233995.02  6  38999.17F  38999.17  510       0          
00002770960401591 041839      6373202305182 204307.38  6  34051.23F  34051.23  410       0          
00002771540401591 042656      6362202305172  65258.91  9   7250.99F   7250.99  410       0          
00002771930401591 043475      6390202305222 255513.90  6  42585.65F  42585.65  410       0          
00002771970401591 040566      6389202305222 219550.32  6  36591.72F  36591.72  410       0          
00002772270401591 042038      6399202305222  25346.76  6   4224.46F   4224.46  410       0          
00002772280401591 042038      6400202305222  37574.46  6   6262.41F   6262.41  410       0          
00002772330401591 038828      6391202305222 176394.30  6  29399.05F  29399.05  410       0          
00002772650401591 042841      6392202305222 282845.94  6  47140.99F  47140.99  410       0          
00002773411401591 048882      6419202305242  48363.36  6   8060.56F   8060.56  410       0          
00002773410401591 048882     11017202305241      0.00  0   1290.00V   1290.00  010       0          
00002773580401591 045566      6432202306012 301547.16  6  50257.86F  50257.86  410       0          
00002773590401591 040077      6416202305242 136114.92  6  22685.82F  22685.82  410       0          
00002773780401591 038369      6412202305242 351896.94  6  58649.49F  58649.49  410       0          
00002773790401591 040199     11016202305241      0.00  0   1290.00V   1290.00  010       0          
00002773791401591 040199      6415202305242  59871.60  6   9978.60F   9978.60  410       0          
00002773971401591 043350      6427202306012 323125.26  6  53854.21F  53854.21  410       0          
00002773970401591 043350      7428202306011      0.00  0   1290.00V   1290.00  010       0          
00002774340401591 031677      6426202306012 105905.70  6  17650.95F  17650.95  410       0          
00002774410401591 040369      6425202305302 423824.46  6  70637.41F  70637.41  410       0          
00002774600401591 033756      6442202306052  85765.80  6  14294.30F  14294.30  410       0          
00002775650401591 045942      6490202306092 274216.02  6  45702.67F  45702.67  410       0          
00002775670401591 044131      6453202306062 351177.90  6  58529.65F  58529.65  410       0          
00002775980401591 045648      6488202306092 136114.92  6  22685.82F  22685.82  410       0          
00002775991401591 043452      6489202306092 136114.92  6  22685.82F  22685.82  410       0          
00002775990401591 043452     11023202306091      0.00  0   1290.00V   1290.00  010       0          
00002776281401591 035070      6487202306092 219550.32  6  36591.72F  36591.72  410       0          
00002776280401591 035070     11022202306091      0.00  0   1290.00V   1290.00  010       0          
00002776301401591 047707      6486202306092 153378.06  6  25563.01F  25563.01  410       0          
00002776300401591 047707     11021202306091      0.00  0   1290.00V   1290.00  010       0          
00002776480401591 040632     11018202306071      0.00  0   1290.00V   1290.00  010       0          
00002776481401591 040632      6468202306072 279969.90  6  46661.65F  46661.65  410       0          
00002776580401591 042383     11010202306091      0.00  0   1290.00V   1290.00  010       0          
00002776581401591 042383      6491202306092  63468.30  6  10578.05F  10578.05  410       0          
00002776801401591 040353      6501202306092 254077.02  6  42346.17F  42346.17  410       0          
00002776800401591 040353     11026202306091      0.00  0   1290.00V   1290.00  010       0          
00002776820401591 041522      6497202306092 193656.48  6  32276.08F  32276.08  410       0          
00002777120401591 030296     11024202306091      0.00  0   1290.00V   1290.00  010       0          
00002777121401591 030296      6492202306092 344704.32  6  57450.72F  57450.72  410       0          
00002777360401591 034046      6499202306092 279969.90  6  46661.65F  46661.65  410       0          
00002777530401591 033049      6500202306092 117413.82  6  19568.97F  19568.97  410       0          
00002777770401591 038598      6495202306092 109502.22  6  18250.37F  18250.37  410       0          
00002777890401591 037473      6502202306122 279969.90  6  46661.65F  46661.65  410       0          
00002777900401591 034615     11025202306091      0.00  0   1290.00V   1290.00  010       0          
00002777920401591 041868      6525202306142 128922.06  6  21487.01F  21487.01  410       0          
00002778131401591 046505      6524202306142 341827.08  6  56971.18F  56971.18  410       0          
00002778130401591 046505     11029202306141      0.00  0   1290.00V   1290.00  010       0          
00002778600401591 038334      6533202306152 182148.12  6  30358.02F  30358.02  310       0          
00002779411401591 041066      6523202306142 351896.94  6  58649.49F  58649.49  410       0          
00002779410401591 041066     11028202306141      0.00  0   1290.00V   1290.00  010       0          
00002779750401591 041703      6553202306162 197972.28  6  32995.38F  32995.38  410       0          
00002780660401591 044315     11033202306261      0.00  0   1290.00V   1290.00  010       0          
00002780661401591 044315      6576202306262 337513.20  6  56252.20F  56252.20  410       0          
00002780681401591 037167      6575202306262 140430.96  6  23405.16F  23405.16  410       0          
00002780680401591 037167     11032202306261      0.00  0   1290.00V   1290.00  010       0          
00002780790401591 033435      6565202306222 310179.96  6  51696.66F  51696.66  410       0          
00002780980401591 036750      6573202306232  83607.90  6  13934.65F  13934.65  410       0          
00002781050401591 042038      6572202306232  85765.80  6  14294.30F  14294.30  410       0          
00002781090401591 042805      6578202306262 351896.94  6  58649.49F  58649.49  410       0          
00002781260401591 040059      6571202306232 103028.58  6  17171.43F  17171.43  410       0          
00002781480401591 031831      6584202306282 119952.45  3  39984.15F  39984.15  310       0          
00002781850401591 047182      6583202306282  84327.12  6  14054.52F  14054.52  310       0          
00002781930401591 034050      6590202306302 351896.94  6  58649.49F  58649.49  310       0          
00002782040401591 041592      6595202306302  20894.58  3   6964.86F   6964.86  310       0          
00002782270401591 042023      6591202306302 181864.11  3  60621.37F  60621.37  310       0          
00002782550401591 043334      6623202307062  58041.27  3  19347.09F  19347.09  310       0          
00002782760401591 046387      6613202307052 136114.92  6  22685.82F  22685.82  310       0          
00002783450401591 037314      6672202307142  48363.36  6   8060.56F   8060.56  310       0          
00002783460401591 037314      6673202307142 120290.46  6  20048.41F  20048.41  310       0          
00002783510401591 038792      6664202307142 208043.22  6  34673.87F  34673.87  310       0          
00002783640401591 034400      6676202307172 351896.94  6  58649.49F  58649.49  310       0          
00002783810401591 043085      6666202307142  98712.72  6  16452.12F  16452.12  310       0          
00002783931401591 040922      6665202307142 351896.94  6  58649.49F  58649.49  310       0          
00002783930401591 040922     11038202307141      0.00  0   1290.00V   1290.00  010       0          
00002784050401591 031564      6668202307142  56994.90  6   9499.15F   9499.15  310       0          
00002784301401591 031191      6712202307262 199411.44  6  33235.24F  33235.24  310       0          
00002784300401591 031191     10338202307261      0.00  0   1290.00V   1290.00  010       0          
00002784530401591 032393      6690202307192 113817.42  6  18969.57F  18969.57  310       0          
00002785110401591 038824     11043202307251      0.00  0   1290.00V   1290.00  010       0          
00002785111401591 038824      6710202307252 351896.94  6  58649.49F  58649.49  310       0          
00002785320401591 042059      6674202307212  97273.80  6  16212.30F  16212.30  310       0          
00002785330401591 042059      6675202307212  91520.28  6  15253.38F  15253.38  310       0          
00002785341401591 038053      6669202307212 110221.56  6  18370.26F  18370.26  310       0          
00002785340401591 038053     11039202307211      0.00  0   1290.00V   1290.00  010       0          
00002785380401591 038551      6714202307262 351896.94  6  58649.49F  58649.49  310       0          
00002786041401591 040134      6785202308072 428824.46  6  70637.41F  70637.41  210       0          
00002786040401591 040134     10990202308071      0.00  0   1290.00V   1290.00  010       0          
00002786160401591 032860      6786202308071 222427.98  6  37071.33F  37071.33  010       0          
00002786390401591 049017     11042202308071      0.00  0   1290.00V   1290.00  010       0          
00002786391401591 049017      6787202308072 279969.90  6  46661.65F  46661.65  210       0          
00002786601401591 043825      6784202308072 377791.50  6  62965.25F  62965.25  210       0          
00002786600401591 043825     11044202308071      0.00  0   1290.00V   1290.00  010       0          
00002786740401591 044071      6801202308082 115975.14  6  19329.19F  19329.19  210       0          
00002786750401591 044071      6802202308082 399282.93  9  44364.77F  44364.77  210       0          
00002787110401591 039775      6775202308042  81450.00  6  13575.00F  13575.00  210       0          
00002787120401591 039775      6776202308042 109338.30  9  12148.70F  12148.70  210       0          
00002787190401591 040341     11045202308071      0.00  0   1290.00V   1290.00  010       0          
00002787191401591 040341      6790202308072 350457.90  6  58409.65F  58409.65  210       0          
00002787851401591 042421      6819202308092 208043.22  6  34673.87F  34673.87  210       0          
00002787850401591 042421     10963202308091      0.00  0   1290.00V   1290.00  010       0          
00002788391401591 034906      6827202308102 164885.40  6  27480.90F  27480.90  210       0          
00002788390401591 034906     11046202308101      0.00  0   1290.00V   1290.00  010       0          
00002788410401591 047160      6818202308092 170640.18  6  28440.03F  28440.03  210       0          
00002788861401591 047706      6841202308112  82888.68  6  13814.78F  13814.78  210       0          
00002788860401591 047706     11047202308111      0.00  0   1290.00V   1290.00  010       0          
00002789200401591 045761      6840202308112 111659.28  6  18609.88F  18609.88  210       0          
00002789641401591 045078      6842202308142 208043.22  6  34673.87F  34673.87  210       0          
00002789640401591 045078     11048202308141      0.00  0   1290.00V   1290.00  010       0          
00002789680401591 032309      6853202308142 189341.64  6  31556.94F  31556.94  210       0          
00002789690401591 032309      6854202308142 223659.45  9  24851.05F  24851.05  210       0          
00002790040401591 036401      6843202308142 255513.90  6  42585.65F  42585.65  210       0          
00002790060401591 031677      6845202308142 220988.88  6  36831.48F  36831.48  210       0          
00002790190401591 040622      6850202308142 223866.42  6  37311.07F  37311.07  210       0          
00002790210401591 045708      6884202308172 207446.58  6  34574.43F  34574.43  210       0          
00002790640401591 047488      6889202308182 179976.18  6  29996.03F  29996.03  210       0          
00002791040401591 032137      6873202308172 526412.10  6  87735.35F  87735.35  210       0          
00002791400401591 031988      6877202308172 416528.46  6  69421.41F  69421.41  210       0          
00002791500401591 038885      6878202308172 196763.46  6  32793.91F  32793.91  210       0          
00002791920401591 041303      6876202308172 328012.98  6  54668.83F  54668.83  210       0          
00002791960401591 040830      6901202308222 233391.60  6  38898.60F  38898.60  210       0          
00002792020401591 040059      6879202308172 134191.68  6  22365.28F  22365.28  210       0          
00002792100401591 031564      6894202308182  73145.94  6  12190.99F  12190.99  210       0          
00002792120401591 044666      6897202308182 193711.32  6  32285.22F  32285.22  210       0          
00002792250401591 035038      6883202308172 373797.30  6  62299.55F  62299.55  210       0          
00002792351401591 049016      6895202308182 175397.88  6  29232.98F  29232.98  210       0          
00002792350401591 049016     11052202308181      0.00  0   1290.00V   1290.00  010       0          
00002792370401591 034462      6892202308182 401266.74  6  66877.79F  66877.79  210       0          
00002793290401591 034623      6893202308182 373797.30  6  62299.55F  62299.55  210       0          
00002794210401591 047945     11054202308281      0.00  0   1290.00V   1290.00  010       0          
00002794211401591 047945      6938202308282 109773.18  6  18295.53F  18295.53  210       0          
00002794460401591 043153      6936202308252 213551.70  6  35591.95F  35591.95  210       0          
00002794830401591 042656      6933202308252  83829.12  6  13971.52F  13971.52  210       0          
00002794840401591 042656      6934202308252 250201.80  9  27800.20F  27800.20  210       0          
00002794850401591 038598      6935202308252 187606.98  6  31267.83F  31267.83  210       0          
00002795200401591 034610     11053202309011      0.00  0   1290.00V   1290.00  010       0          
00002795201401591 034610      6955202309012 450102.78  6  75017.13F  75017.13  110       0          
00002795220401591 037167      6954202309012 163189.02  6  27198.17F  27198.17  110       0          
00002795680401591 033950      7001202309072 297489.42  6  49581.57F  49581.57  110       0          
00002795860401591 042897      7002202309072 248653.20  6  41442.20F  41442.20  110       0          
00002795900401591 033435      7000202309072 392110.32  6  65351.72F  65351.72  110       0          
00002796331401591 042451      7025202309082 175397.88  6  29232.98F  29232.98  110       0          
00002796330401591 042451     10656202309081      0.00  0   1290.00V   1290.00  010       0          
00002796440401591 037729      7006202309072 221181.96  6  36863.66F  36863.66  110       0          
00002796950401591 045789      7062202309132 141263.40  6  23543.90F  23543.90  110       0          
00002796970401591 040947      7087202309152 513772.02  6  85628.67F  85628.67  110       0          
00002797400401591 037473      7028202309082 297489.42  6  49581.57F  49581.57  110       0          
00002797550401591 044101      7064202309132 281327.34  6  46887.89F  46887.89  110       0          
00002797890401591 044832     11061202309191      0.00  0   1290.00V   1290.00  010       0          
00002797891401591 044832      7104202309192 439270.44  6  73211.74F  73211.74  110       0          
00002798050401591 030893      7081202309142 230665.98  6  38444.33F  38444.33  110       0          
00002798650401591 037722      7065202309132 364768.32  6  60794.72F  60794.72  110       0          
00002798690401591 036140      7076202309142 364768.32  6  60794.72F  60794.72  110       0          
00002798730401591 042951      7063202309132 364768.32  6  60794.72F  60794.72  110       0          
00002798851401591 034097      7061202309132 193414.98  6  32235.83F  32235.83  110       0          
00002798850401591 034097     11058202309131      0.00  0   1290.00V   1290.00  010       0          
00002799050401591 035907      7060202309132 439270.44  6  73211.74F  73211.74  110       0          
00002799070401591 038828      7084202309152 331987.74  6  55331.29F  55331.29  110       0          
00002799200401591 042038      7071202309132  55586.52  6   9264.42F   9264.42  110       0          
00002799441401591 042141      7080202309142 314107.14  6  52351.19F  52351.19  110       0          
00002799440401591 042141     11059202309141      0.00  0   1290.00V   1290.00  010       0          
00002799780401591 048882      7124202309212 115932.60  6  19322.10F  19322.10  110       0          
00002800100401591 034906      7120202309202 273876.42  6  45646.07F  45646.07  110       0          
00002800141401591 046725      7122202309202 142753.50  6  23792.25F  23792.25  110       0          
00002800140401591 046725     11051202309201      0.00  0   1290.00V   1290.00  010       0          
00002800270401591 042399      7116202309202 425859.90  6  70976.65F  70976.65  110       0          
00002800480401591 047182      7114202309202 120402.78  6  20067.13F  20067.13  110       0          
00002800500401591 041934      7115202309202 244076.22  6  40679.37F  40679.37  110       0          
00002800640401591 038280      7117202309202 215765.28  6  35960.88F  35960.88  110       0          
00002800790401591 032860      7130202309222 302186.88  6  50364.48F  50364.48  110       0          
00002801340401591 046385      7121202309202 290266.50  6  48377.75F  48377.75  110       0          
00002801670401591 042690      7128202309212 303677.64  6  50612.94F  50612.94  110       0          
00002801841401591 038291      7123202309212 378180.48  6  63030.08F  63030.08  110       0          
00002801840401591 038291     11062202309211      0.00  0   1290.00V   1290.00  010       0          
00002801860401591 042751      7135202309222  66761.70  6  11126.95F  11126.95  110       0          
