00002497651110031 041593   1106470202009072 399803.04 36  11105.64F  11105.64 3554201802210000000000
00002497661110031 041593   1106470202009072 112771.44 36   3132.54F   3132.54 3554201802210000000000
00002497801110031 033189   1107735202009222 167920.92 36   4664.47F   4664.47 3610       00000000000
00002497811110031 033189   1107735202009222 279685.44 36   7769.04F   7769.04 3610       00000000000
00002497851110031 037754   1107220202009152  67958.28 36   1887.73F   1887.73 3554201802210000000000
00002497861110031 037754   1107220202009152  90442.08 36   2512.28F   2512.28 3554201802210000000000
00002498021110031 037890   1107148202009152 217284.84 36   6035.69F   6035.69 3554201802210000000000
00002498851110031 037026   1107032202009112   5430.96 36    150.86F    150.86 3554201802210000000000
00002498861110031 037026   1107032202009112 320061.60 36   8890.60F   8890.60 3554201802210000000000
00002499981110031 037918   1107629202009212 534520.44 36  14847.79F  14847.79 3610       00000000000
00002500091110031 035606   1107632202009212 102225.96 36   2839.61F   2839.61 3610       00000000000
00002500101110031 035606   1107632202009212 286713.72 36   7964.27F   7964.27 3610       00000000000
00002500151110031 038778   1107910202009232 300504.60 36   8347.35F   8347.35 3610       00000000000
00002500291110031 039670   1107743202009222  38092.68 36   1058.13F   1058.13 3610       00000000000
00002500301110031 039670   1107743202009222  94451.04 36   2623.64F   2623.64 3610       00000000000
00002501151110031 042848   1108422202009292 293536.80 36   8153.80F   8153.80 3610       00000000000
00002501161110031 042848   1108422202009292 257062.68 36   7140.63F   7140.63 3610       00000000000
00002501361110031 035635   1108342202009282  87003.00 36   2416.75F   2416.75 3610       00000000000
00002501371110031 035635   1108342202009282 454687.56 36  12630.21F  12630.21 3610       00000000000
00002501901110031 043186   1108382202009292 207863.64 36   5773.99F   5773.99 3610       00000000000
00002501911110031 043186   1108382202009292 291891.24 36   8108.09F   8108.09 3610       00000000000
00002501921110031 039791   1108287202009252  58232.16 36   1617.56F   1617.56 3610       00000000000
00002501941110031 046612   1108361202009282   9595.44 36    266.54F    266.54 3610       00000000000
00002501951110031 046612   1108361202009282 357398.28 36   9927.73F   9927.73 3610       00000000000
00002502051110031 045222   1109627202010132  12529.80 36    348.05F    348.05 3610       00000000000
00002502061110031 045222   1109627202010132 290582.28 36   8071.73F   8071.73 3610       00000000000
00002502481110031 038648   1108876202010052  76928.04 36   2136.89F   2136.89 3610       00000000000
00002502491110031 038648   1108876202010052 240307.56 36   6675.21F   6675.21 3610       00000000000
00002503021110031 033568   1108877202010052 280430.64 36   7789.74F   7789.74 3610       00000000000
00002503031110031 033568   1108877202010052 219106.80 36   6086.30F   6086.30 3610       00000000000
00002503091110031 033732   1109091202010062 225758.88 36   6271.08F   6271.08 3610       00000000000
00002503411110031 035290   1109787202010142 232711.92 36   6464.22F   6464.22 3610       00000000000
00002504221110031 037774   1109805202010142  96762.24 36   2687.84F   2687.84 3610       00000000000
00002504231110031 037774   1109805202010142 205263.36 36   5701.76F   5701.76 3610       00000000000
00002504641110031 044602   1109794202010142  82645.56 36   2295.71F   2295.71 3610       00000000000
00002504651110031 044602   1109794202010142 111606.84 36   3100.19F   3100.19 3610       00000000000
00002507231110031 045596   1112346202011102 104296.68 36   2897.13F   2897.13 3510       00000000000
00002508841110031 032682   1112010202011052  19303.56 36    536.21F    536.21 3510       00000000000
00002508851110031 032682   1112010202011052 572145.12 36  15892.92F  15892.92 3510       00000000000
00002510041110031 038589   1112569202011122 288119.52 36   8003.32F   8003.32 3310       00000000000
00002543901110031 039957   1125587202103252 170449.92 48   3551.04F   3551.04 3010       00000000000
00002543911110031 039957   1125587202103252 527834.88 48  10996.56F  10996.56 3010       00000000000
00002591541110031 032703   1137444202108312 682963.92 24  28456.83F  28456.83 2354201802210000000000
00002598021110031 045145   1138976202109162 602264.10 30  20075.47F  20075.47 2510       00000000000
00002599151110031 035691   1139987202109292  95255.52 24   3968.98F   3968.98 2410       00000000000
00002600271110031 045065   1139814202109272 337707.60 24  14071.15F  14071.15 2410       00000000000
00002601171110031 043552   1139777202109272 491950.20 30  16398.34F  16398.34 2410       00000000000
00002601921110031 033406   1140073202109302 427871.10 30  14262.37F  14262.37 2410       00000000000
00002606141110031 047258   1140891202110132 699599.70 30  23319.99F  23319.99 2410       00000000000
00002608691110031 039825   1141663202110202 164989.68 24   6874.57F   6874.57 2310       00000000000
00002611201110031 043007   1141873202110212 281664.90 30   9388.83F   9388.83 2310       00000000000
00002616551110031 039168   1142865202111032 617848.92 36  17162.47F  17162.47 2310       00000000000
00002625361110031 036526   1144796202111252 729759.60 36  20271.10F  20271.10 2210       00000000000
00002625371110031 036526   1144796202111252 353293.20 36   9813.70F   9813.70 2210       00000000000
00002630401110031 035691   1146643202112282 123611.40 36   3433.65F   3433.65 2110       00000000000
00002630411110031 035691   1146643202112282 494237.52 36  13728.82F  13728.82 2110       00000000000
00002632041110031 036778   1147080202201032 175052.80 20   8752.64F   8752.64 1954201802210000000000
00002645451110031 032049   1150966202202222 136065.60 24   5669.40F   5669.40 1910       00000000000
00002649351110031 039016   1152264202203162 456555.60 36  12682.10F  12682.10 1910       00000000000
00002649361110031 039016   1152264202203162 341440.56 36   9484.46F   9484.46 1910       00000000000
00002649531110031 033431   1152460202203182 277010.28 36   7694.73F   7694.73 1910       00000000000
00002649541110031 033431   1152460202203182 343133.64 36   9531.49F   9531.49 1910       00000000000
00002650281110031 040505   1152404202203182  36969.48 36   1026.93F   1026.93 1910       00000000000
00002650291110031 040505   1152404202203182 336988.80 36   9360.80F   9360.80 1910       00000000000
00002653261110031 035661   11532862022040521110876.48 36  30857.68F  30857.68 1810       00000000000
00002657441110031 034522   1153557202204122 274028.60 20  13701.43F  13701.43 1810       00000000000
00002658421110031 038906   1153612202204122  74363.04 36   2065.64F   2065.64 1810       00000000000
00002658431110031 038906   1153612202204122 200446.56 36   5567.96F   5567.96 1810       00000000000
00002661101110031 035712   1153729202204182 202629.96 36   5628.61F   5628.61 1810       00000000000
00002661471110031 044448   1154068202204262 112415.76 24   4683.99F   4683.99 1710       00000000000
00002662371110031 046098   1154020202204252 781744.68 36  21715.13F  21715.13 1710       00000000000
00002667841110031 032191   1154708202205122 689004.48 48  14354.26F  14354.26 1710       00000000000
00002667851110031 032191   1154708202205122 344807.04 48   7183.48F   7183.48 1710       00000000000
00002667941110031 043007   1154754202205132 171009.00 36   4750.25F   4750.25 1610       00000000000
00002669811110031 037591   1154919202205172 517956.48 48  10790.76F  10790.76 1610       00000000000
00002669821110031 037591   1154919202205172 254134.56 48   5294.47F   5294.47 1610       00000000000
00002670231110031 038272   1155045202205202 101938.32 18   5663.24F   5663.24 1610       00000000000
00002670241110031 038272   1155045202205202 116994.06 18   6499.67F   6499.67 1610       00000000000
00002670771110031 039789   1154994202205192 163382.40 18   9076.80F   9076.80 1610       00000000000
00002671121110031 048723   1155274202205242 394959.60 24  16456.65F  16456.65 1610       00000000000
00002671281110031 034869   1155144202205232 336393.12 48   7008.19F   7008.19 1610       00000000000
00002671291110031 034869   1155144202205232 624041.76 48  13000.87F  13000.87 1610       00000000000
00002674671110031 045204   1155761202206032 892537.50 30  29751.25F  29751.25 1610       00000000000
00002674751110031 045596   1155729202206022 147755.16 36   4104.31F   4104.31 1610       00000000000
00002675701110031 043358   1156222202206132 442637.76 48   9221.62F   9221.62 1610       00000000000
00002678961110031 032673   1156644202206212 199614.90 30   6653.83F   6653.83 1510       00000000000
00002678971110031 032673   1156644202206212 305961.00 30  10198.70F  10198.70 1510       00000000000
00002679031110031 044086   1157014202206282  43411.68 48    904.41F    904.41 1510       00000000000
00002679421110031 033882   1156575202206162 130998.96 24   5458.29F   5458.29 1610       00000000000
00002680471110031 032085   1156941202206272 482282.00 40  12057.05F  12057.05 1510       00000000000
00002680951110031 032489   1156812202206232 459166.32 36  12754.62F  12754.62 1510       00000000000
00002680961110031 032489   1156812202206232  54135.72 36   1503.77F   1503.77 1510       00000000000
00002681031110031 047057   1156896202206242 307391.40 36   8538.65F   8538.65 1510       00000000000
00002681041110031 047057   1156896202206242 672232.68 36  18673.13F  18673.13 1510       00000000000
00002681701110031 035691   1157107202206292 650551.68 48  13553.16F  13553.16 1510       00000000000
00002682161110031 032049   1157073202206292 343029.96 36   9528.61F   9528.61 1510       00000000000
00002686001110031 034888   1158750202207262 286301.04 24  11929.21F  11929.21 1410       00000000000
00002688011110031 043358   1159377202208042 441478.08 48   9197.46F   9197.46 1410       00000000000
00002688821110031 041881   1159698202208102 473616.00 48   9867.00F   9867.00 1410       00000000000
00002688911110031 043007   1159571202208092 441926.16 24  18413.59F  18413.59 1410       00000000000
00002690371110031 031772   1160029202208122 273549.96 18  15197.22F  15197.22 1410       00000000000
00002691121110031 041377   1159960202208122 308158.32 24  12839.93F  12839.93 1410       00000000000
00002691851110031 036083   1160025202208122 343886.76 14  24563.34F  24563.34 1410       00000000000
00002692211110031 044086   1160562202208182 376451.52 48   7842.74F   7842.74 1410       00000000000
00002692391110031 040144   1160525202208182 370373.08 38   9746.66F   9746.66 1410       00000000000
00002693411110031 046574   11607122022081921313508.96 36  36486.36F  36486.36 1310       00000000000
00002698581110031 033536   1162069202209012 266938.20 30   8897.94F   8897.94 1310       00000000000
00002700461110031 031143   1162282202209062 719975.52 18  39998.64F  39998.64 1310       00000000000
00002701981110031 036299   1163673202209192 189977.55 15  12665.17F  12665.17 1210       00000000000
00002702461110031 037934   1163751202209192 326846.10 30  10894.87F  10894.87 1210       00000000000
00002703171110031 039846   1163361202209152 450005.70 30  15000.19F  15000.19 1310       00000000000
00002703851110031 034476   1163433202209152 854614.80 36  23739.30F  23739.30 1310       00000000000
00002703981110031 036027   1163731202209192 376957.98 18  20942.11F  20942.11 1210       00000000000
00002704261110031 035691   1164340202209232 436337.28 36  12120.48F  12120.48 1210       00000000000
00002705361110031 035447   1164168202209222 897506.64 36  24930.74F  24930.74 1210       00000000000
00002705421110031 042395   1164192202209222 177661.44 18   9870.08F   9870.08 1210       00000000000
00002705501110031 044782   1164369202209232 217997.64 18  12110.98F  12110.98 1210       00000000000
00002705561110031 037459   1164201202209222 155871.84 12  12989.32F  12989.32 1210       00000000000
00002705581110031 035246   1164387202209262  90518.04 18   5028.78F   5028.78 1210       00000000000
00002706271110031 032049   1164784202209282 545425.20 24  22726.05F  22726.05 1210       00000000000
00002706971110031 033882   1164772202209282 420998.40 24  17541.60F  17541.60 1210       00000000000
00002707681110031 037624   1165082202209302 387891.00 30  12929.70F  12929.70 1210       00000000000
00002709401110031 045613   1165612202210062 378403.44 24  15766.81F  15766.81 1210       00000000000
00002709681110031 047772   1165616202210062 351322.20 30  11710.74F  11710.74 1210       00000000000
00002709721110031 041519   1165722202210112 472127.76 26  18158.76F  18158.76 1210       00000000000
00002711291110031 038931   1166337202210172 425951.52 24  17747.98F  17747.98 1210       00000000000
00002711841110031 037102   1166335202210172 223610.28 12  18634.19F  18634.19 1210       00000000000
00002712291110031 037165   1167065202210212 308031.00 30  10267.70F  10267.70 1110       00000000000
00002712311110031 047563   1167194202210242 227119.68 27   8411.84F   8411.84 1110       00000000000
00002712331110031 034526   1167061202210212 237008.52 36   6583.57F   6583.57 1110       00000000000
00002712601110031 032703   1166987202210212 575034.48 24  23959.77F  23959.77 1110       00000000000
00002713171110031 038754   1166921202210212  93610.32 24   3900.43F   3900.43 1110       00000000000
00002713461110031 043133   1166918202210212 649575.84 24  27065.66F  27065.66 1110       00000000000
00002713511110031 033621   1167536202210272 651804.72 24  27158.53F  27158.53 1110       00000000000
00002713751110031 042924   1167410202210262 369488.16 24  15395.34F  15395.34 1110       00000000000
00002714561110031 042783   1167476202210272 558107.28 36  15502.98F  15502.98 1110       00000000000
00002715541110031 032186   1167816202210312 375183.84 24  15632.66F  15632.66 1110       00000000000
00002715661110031 035848   1167884202210312 521542.80 24  21730.95F  21730.95 1110       00000000000
00002715991110031 046725   1168241202211042 318473.04 24  13269.71F  13269.71 1110       00000000000
00002716501110031 044958   1168394202211082 458682.60 30  15289.42F  15289.42 1110       00000000000
00002716531110031 042286   1168334202211072 391033.20 24  16293.05F  16293.05 1110       00000000000
00002717041110031 039627   1168868202211112 339027.60 24  14126.15F  14126.15 1010       00000000000
00002717551110031 040595   1169027202211152 741990.24 36  20610.84F  20610.84 1010       00000000000
00002718371110031 042117   1169087202211152 521542.80 24  21730.95F  21730.95 1010       00000000000
00002718991110031 041232   1169404202211172 451369.20 30  15045.64F  15045.64 1010       00000000000
00002721681110031 044033   1169766202211242  95850.36 36   2662.51F   2662.51 1010       00000000000
00002722241110031 038285   1169983202211252 748882.08 24  31203.42F  31203.42 1010       00000000000
00002722301110031 033455   1170049202211282 134719.44 24   5613.31F   5613.31 1010       00000000000
00002724761110031 037144   1171038202212152 651804.72 24  27158.53F  27158.53 1010       00000000000
00002724991110031 040511   1171176202212162 585930.72 24  24413.78F  24413.78 1010       00000000000
00002728841110031 045132   1173081202301122 521418.96 24  21725.79F  21725.79  910       00000000000
00002728931110031 032158   11730822023011221538703.72 36  42741.77F  42741.77  910       00000000000
00002729641110031 046574   1172998202301112 141158.40 24   5881.60F   5881.60  910       00000000000
00002732841110031 039782   1174355202302012 640165.44 24  26673.56F  26673.56  810       00000000000
00002734871110031 036142   1174599202302022 208518.00 24   8688.25F   8688.25  810       00000000000
00002736101110031 044033   1174695202302072 252201.96 36   7005.61F   7005.61  810       00000000000
00002737141110031 045689   1175156202302132 756806.64 24  31533.61F  31533.61  810       00000000000
00002737241110031 043358   1174987202302102 415731.84 48   8661.08F   8661.08  810       00000000000
00002739661110031 045596   1175271202302142 391033.20 24  16293.05F  16293.05  810       00000000000
00002740191110031 045899   1175380202302152 202079.28 24   8419.97F   8419.97  810       00000000000
00002742791110031 046725   1176306202303022 203317.44 24   8471.56F   8471.56  710       00000000000
00002744191110031 034526   1175893202302242 479938.32 24  19997.43F  19997.43  710       00000000000
00002744611110031 047524   1176210202302282 260771.52 24  10865.48F  10865.48  710       00000000000
00002747231110031 033473   1177086202303152 371469.36 24  15477.89F  15477.89  710       00000000000
00002749571110031 032771   1177038202303152 521542.80 24  21730.95F  21730.95  710       00000000000
00002752191110031 038285   1177948202303282 102050.88 24   4252.12F   4252.12  610       00000000000
00002752201110031 038285   1177948202303282 269665.92 24  11236.08F  11236.08  610       00000000000
00002756531110031 038555   11789042023041321436017.44 24  59834.06F  59834.06  610       00000000000
00002758521110031 043007   1179215202304172 303636.48 24  12651.52F  12651.52  610       00000000000
00002761161110031 043358   1179886202304252 253459.44 24  10560.81F  10560.81  510       00000000000
00002764021110031 033536   1179827202304242 541914.00 24  22579.75F  22579.75  510       00000000000
00002766311110031 043815   1180577202305082 450616.56 24  18775.69F  18775.69  510       00000000000
00002770001110031 047563   1181628202305232 227078.16 24   9461.59F   9461.59  410       00000000000
00002773001110031 047524   1182027202306022 548970.24 24  22873.76F  22873.76  410       00000000000
00002773731110031 036027   1182028202306022 895829.28 24  37326.22F  37326.22  410       00000000000
00002776061110031 039747   1182376202306092 817362.48 24  34056.77F  34056.77  410       00000000000
00002777811110031 038479   11824812023061321445691.12 24  60237.13F  60237.13  410       00000000000
00002777871110031 041216   1182452202306122 625950.96 24  26081.29F  26081.29  410       00000000000
00002778301110031 033904   1182594202306152 600687.12 24  25028.63F  25028.63  410       00000000000
00002779561110031 037774   1182808202306222 564128.64 24  23505.36F  23505.36  310       00000000000
00002780021110031 046574   1182781202306222 252639.36 24  10526.64F  10526.64  310       00000000000
00002780501110031 033455   1183164202306302   1874.40 24     78.10F     78.10  310       00000000000
00002780511110031 033455   1183164202306302 250170.48 24  10423.77F  10423.77  310       00000000000
00002781071110031 046678   1182957202306272 938926.56 24  39121.94F  39121.94  310       00000000000
00002781401110031 036400   11830792023062921007882.16 24  41995.09F  41995.09  310       00000000000
00002789321110031 035748   1185920202308232 531860.40 24  22160.85F  22160.85  110       00000000000
00002790001110031 032673   1185744202308182 743035.44 24  30959.81F  30959.81  210       00000000000
00002791291110031 039760   1185875202308232 302604.48 24  12608.52F  12608.52  110       00000000000
00002791841110031 043358   1185705202308182 490921.92 24  20455.08F  20455.08  210       00000000000
00002792061110031 033455   1186212202308282 359236.08 24  14968.17F  14968.17  110       00000000000
00002793631110031 033348   1186344202308302 745423.44 24  31059.31F  31059.31  110       00000000000
00002797001110031 045786   1187102202309142 362227.44 24  15092.81F  15092.81  110       00000000000
