00002443661401111 032705    393206201910222  68276.88 36   1896.58F   1896.58 2530       00000000000
00002479181401111 040474    454808202003202  50263.20 36   1396.20F   1396.20 3654201802210000000000
00002561121401111 047315   3866209202105032  60108.30 30   2003.61F   2003.61 1590       00000000000
00002569101401111 035712   3867739202106092  91583.70 30   3052.79F   3052.79 2810       00000000000
00002593561401111 041232   3871432202109062 445489.44 48   9281.03F   9281.03 2510       00000000000
00002596371401111 034819   3872117202109142 187695.36 36   5213.76F   5213.76 2510       00000000000
00002596381401111 034819   3872116202109142 233652.24 36   6490.34F   6490.34 2510       00000000000
00002598271401111 040555   3872419202109202 219386.88 48   4570.56F   4570.56 2510       00000000000
00002598281401111 040555   3872420202109202 191963.52 48   3999.24F   3999.24 2510       00000000000
00002598481401111 036731   3872444202109162 131520.00 48   2740.00F   2740.00 2510       00000000000
00002599921401111 045493   3872889202109232 381968.16 48   7957.67F   7957.67 2510       00000000000
00002602001401111 033865   3873000202109272 312290.40 48   6506.05F   6506.05 2510       00000000000
00002602321401111 037616   3873163202109302 861877.44 48  17955.78F  17955.78  730       00000000000
00002606281401111 043331   3873273202110052 618144.48 48  12878.01F  12878.01 2410       00000000000
00002608771401111 038799   3873834202110182 709368.96 48  14778.52F  14778.52 2410       00000000000
00002608781401111 038799   3873839202110182 118927.68 48   2477.66F   2477.66 2410       00000000000
00002609461401111 031793   3873842202110152 341672.64 48   7118.18F   7118.18 2410       00000000000
00002618331401111 035397   3874419202111042 421347.60 36  11704.10F  11704.10 2290       00000000000
00002619971401111 036731   3874601202111102 209312.64 48   4360.68F   4360.68 2310       00000000000
00002626251401111 040628   3875241202111292 161461.92 48   3363.79F   3363.79 2210       00000000000
00002627001401111 032814   3875295202112072 385885.44 48   8039.28F   8039.28 2210       00000000000
00002627011401111 032814   3875294202112072 367137.12 48   7648.69F   7648.69 2210       00000000000
00002629951401111 037670   3875637202112162 432267.84 36  12007.44F  12007.44 2210       00000000000
00002631731401111 045786   3875681202112202 232818.72 48   4850.39F   4850.39 2210       00000000000
00002633031401111 039665   3875791202112272 280389.60 48   5841.45F   5841.45 2210       00000000000
00002634401401111 031309   3875984202201052 282628.32 48   5888.09F   5888.09 2110       00000000000
00002638631401111 036520   3876804202201312 168115.44 24   7004.81F   7004.81 2010       00000000000
00002639411401111 038366   3876806202201312 184135.20 24   7672.30F   7672.30 2010       00000000000
00002642931401111 045075   3877388202202112  99984.00 48   2083.00F   2083.00 2010       00000000000
00002644231401111 047715         0202202172 488907.36 48  10185.57F  10185.57 2010       00000000000
00002646751401111 035397   3877914202202242 212139.84 48   4419.58F   4419.58 1990       00000000000
00002646761401111 035397   3877913202202242 359652.48 48   7492.76F   7492.76 1990       00000000000
00002648471401111 047315   3878048202203032 265464.96 48   5530.52F   5530.52  590       00000000000
00002650071401111 033865   3878566202203152 499340.64 48  10402.93F  10402.93 1910       00000000000
00002651191401111 043331   3878591202203142  48687.84 48   1014.33F   1014.33 1910       00000000000
00002651201401111 043331   3878594202203142 579907.20 48  12081.40F  12081.40 1910       00000000000
00002651221401111 038511   3878583202203112 233006.40 48   4854.30F   4854.30 1910       00000000000
00002651471401111 031793   3878940202203212 167799.36 48   3495.82F   3495.82 1910       00000000000
00002651481401111 031793   3878941202203212 500789.28 48  10433.11F  10433.11 1910       00000000000
00002651521401111 035289   3879249202203312 265754.40 48   5536.55F   5536.55 1810       00000000000
00002652941401111 043093   3878939202203212 491225.76 48  10233.87F  10233.87 1810       00000000000
00002657971401111 042002   3879620202204122 394719.36 48   8223.32F   8223.32 1810       00000000000
00002658271401111 035626   3879586202204112 155916.96 48   3248.27F   3248.27 1810       00000000000
00002659381401111 039058   3879787202204142 171275.52 48   3568.24F   3568.24 1810       00000000000
00002662331401111 038577   3880012202204212 209700.96 48   4368.77F   4368.77 1810       00000000000
00002662921401111 047315   3880114202204222 114680.16 48   2389.17F   2389.17  490       00000000000
00002665001401111 044051   3880236202205022 131063.04 48   2730.48F   2730.48 1710       00000000000
00002667961401111 040914   3880724202205122 836719.20 48  17431.65F  17431.65 1710       00000000000
00002669661401111 031793   3880858202205162 173360.64 48   3611.68F   3611.68 1610       00000000000
00002670831401111 044590   3880959202205192 116467.68 48   2426.41F   2426.41 1610       00000000000
00002674191401111 038074   3881328202206022 578167.20 48  12045.15F  12045.15 1610       00000000000
00002674461401111 044524   3881317202206022 342253.44 48   7130.28F   7130.28 1610       00000000000
00002679401401111 042002   3881959202206212  56877.12 48   1184.94F   1184.94 1610       00000000000
00002679411401111 042002   3881966202206212 355560.96 48   7407.52F   7407.52 1610       00000000000
00002679631401111 039869   3881914202206162 291224.64 48   6067.18F   6067.18  454202302270000000000
00002681741401111 043743   3882137202206272 624096.96 48  13002.02F  13002.02 1610       00000000000
00002681751401111 043743   3882136202206272 270400.32 48   5633.34F   5633.34 1610       00000000000
00002685241401111 041845   3882807202207212 251398.56 48   5237.47F   5237.47 1510       00000000000
00002686601401111 043093   3883568202208092 698292.48 48  14547.76F  14547.76 1310       00000000000
00002686941401111 036507   3883169202208012 542822.88 48  11308.81F  11308.81 1410       00000000000
00002689251401111 034523   38841042022081221054151.04 48  21961.48F  21961.48 1410       00000000000
00002691331401111 035626   3884110202208122 240975.36 36   6693.76F   6693.76 1410       00000000000
00002691931401111 038799   3884206202208122 947392.32 48  19737.34F  19737.34 1410       00000000000
00002695791401111 037595   3884790202208232 521203.68 48  10858.41F  10858.41 1410       00000000000
00002696121401111 032077   3885153202208262 391111.20 48   8148.15F   8148.15 1410       00000000000
00002698341401111 033841   3885573202209052 361951.44 24  15081.31F  15081.31 1310       00000000000
00002698401401111 037087   3885559202209012 280616.16 48   5846.17F   5846.17 1310       00000000000
00002698541401111 039734   3885604202209052 776385.12 48  16174.69F  16174.69 1310       00000000000
00002700311401111 039445   3885733202209062 190418.76 18  10578.82F  10578.82 1310       00000000000
00002701741401111 043778   3886173202209122 331485.60 48   6905.95F   6905.95 1310       00000000000
00002701841401111 044916   3886207202209122 931912.32 48  19414.84F  19414.84 1310       00000000000
00002702301401111 033123   3886211202209132 731352.96 48  15236.52F  15236.52 1310       00000000000
00002703351401111 042113   3886535202209152 512447.52 48  10675.99F  10675.99 1310       00000000000
00002703461401111 032004   3886538202209192 395774.64 36  10993.74F  10993.74 1310       00000000000
00002705711401111 037217   38870232022092222264525.76 48  47177.62F  47177.62 1310       00000000000
00002706461401111 038368   38870202022092221268818.08 48  26433.71F  26433.71 1030       00000000000
00002706811401111 035569   3887152202209262 950640.00 48  19805.00F  19805.00 1210       00000000000
00002706821401111 035569   3887156202209262 308544.00 48   6428.00F   6428.00 1210       00000000000
00002708671401111 047000   3887511202210032 538464.00 48  11218.00F  11218.00 1210       00000000000
00002711391401111 033003   3888203202210182 750336.00 48  15632.00F  15632.00 1210       00000000000
00002715091401111 031309   3888686202210282 428112.00 48   8919.00F   8919.00 1110       00000000000
00002717251401111 036507   3889318202211162 260400.00 48   5425.00F   5425.00 1010       00000000000
00002718201401111 045620   38897242022111721384200.00 36  38450.00F  38450.00 1010       00000000000
00002719041401111 042129   3889677202211172  75024.00 48   1563.00F   1563.00 1110       00000000000
00002719381401111 031074   3889712202211172 546192.00 24  22758.00F  22758.00 1110       00000000000
00002720081401111 036986   38896842022111721553664.00 48  32368.00F  32368.00 1110       00000000000
00002721161401111 038659   3889937202211242 798912.00 48  16644.00F  16644.00 1010       00000000000
00002724111401111 043743   3890680202212192 392832.00 48   8184.00F   8184.00 1010       00000000000
00002724121401111 043743   3890683202212192 472272.00 48   9839.00F   9839.00 1010       00000000000
00002728381401111 039689   38986222022122921355040.00 48  28230.00F  28230.00  910       00000000000
00002731891401111 042214   3899847202301232 115884.00 36   3219.00F   3219.00  910       00000000000
00002733351401111 043093   3900038202301262 308976.00 48   6437.00F   6437.00  810       00000000000
00002733761401111 036507   3900082202301272 211824.00 48   4413.00F   4413.00  910       00000000000
00002734841401111 047715   3900153202301302 657648.00 48  13701.00F  13701.00  810       00000000000
00002734971401111 043259   39001642023013021469808.00 48  30621.00F  30621.00  810       00000000000
00002736221401111 042314   3900830202302092 675036.00 36  18751.00F  18751.00  610       00000000000
00002737041401111 043610   39007472023020921234032.00 48  25709.00F  25709.00  710       00000000000
00002737121401111 042002   3900762202302092 626736.00 48  13057.00F  13057.00  810       00000000000
00002737221401111 047433   3900715202302092 375168.00 48   7816.00F   7816.00  810       00000000000
00002737231401111 047433   3900716202302092 595872.00 48  12414.00F  12414.00  810       00000000000
00002745701401111 034615   3901646202302272 336036.00 12  28003.00F  28003.00  710       00000000000
00002746931401111 047706   3902009202303032 701808.00 48  14621.00F  14621.00  710       00000000000
00002749071401111 041028   39026492023031321228944.00 24  51206.00F  51206.00  710       00000000000
00002749931401111 031309   3902913202303162 710640.00 48  14805.00F  14805.00  710       00000000000
00002750911401111 039865   39030732023032021227072.00 48  25564.00F  25564.00  710       00000000000
00002752421401111 038074   39033572023032321310928.00 48  27311.00F  27311.00  710       00000000000
00002753291401111 045994   3903635202304032 479160.00 24  19965.00F  19965.00  610       00000000000
00002754201401111 036129   3903621202304032 878880.00 24  36620.00F  36620.00  610       00000000000
00002754591401111 040612   3903633202303312 344436.00 12  28703.00F  28703.00  610       00000000000
00002758341401111 036507   3904610202304142 881280.00 48  18360.00F  18360.00  610       00000000000
00002760021401111 035598   3904952202304202 570480.00 48  11885.00F  11885.00  610       00000000000
00002762041401111 042002   3905226202304262 593664.00 48  12368.00F  12368.00  510       00000000000
00002762301401111 045222   3905134202304242 603576.00 24  25149.00F  25149.00  610       00000000000
00002765161401111 043886   3905264202304262 672528.00 48  14011.00F  14011.00  510       00000000000
00002765201401111 039445   3905271202304262 402384.00 24  16766.00F  16766.00  510       00000000000
00002766601401111 039865   3905596202305052 698736.00 48  14557.00F  14557.00  510       00000000000
00002768261401111 036384   39061772023051021429392.00 48  29779.00F  29779.00  510       00000000000
00002768401401111 046890   3906189202305112 245688.00 24  10237.00F  10237.00  510       00000000000
00002770241401111 034007   39069082023051822109840.00 48  43955.00F  43955.00  410       00000000000
00002770431401111 042041   3906608202305182 411408.00 48   8571.00F   8571.00  410       00000000000
00002770511401111 044037   3906643202305182 575604.00 36  15989.00F  15989.00  410       00000000000
00002770941401111 043933   39066172023051821028544.00 48  21428.00F  21428.00  410       00000000000
00002771471401111 038145   3906637202305182 442800.00 24  18450.00F  18450.00  410       00000000000
00002772021401111 038171   39068432023052321351728.00 36  37548.00F  37548.00  410       00000000000
00002772671401111 042214   3906825202305232 384372.00 36  10677.00F  10677.00  410       00000000000
00002775011401111 047008   3907068202306022 303816.00 24  12659.00F  12659.00  410       00000000000
00002775061401111 038791   39070262023060121584648.00 24  66027.00F  66027.00  410       00000000000
00002777161401111 031824   3907840202306122 195174.00 18  10843.00F  10843.00  410       00000000000
00002777961401111 043369   3908070202306142 679536.00 18  37752.00F  37752.00  410       00000000000
00002778901401111 041506   3908083202306142 545088.00 24  22712.00F  22712.00  410       00000000000
00002779031401111 040612   3908071202306142 221688.00 18  12316.00F  12316.00  410       00000000000
00002780711401111 044648   3908420202306232 997230.00 30  33241.00F  33241.00  410       00000000000
00002780891401111 031074   3908465202306262 506352.00 24  21098.00F  21098.00  410       00000000000
00002782371401111 033124   3908663202307072 481536.00 36  13376.00F  13376.00  310       00000000000
00002784801401111 032814   3909302202307212 249744.00 48   5203.00F   5203.00  310       00000000000
00002784861401111 037595   3909300202307202  80424.00 24   3351.00F   3351.00  310       00000000000
00002785261401111 041391   3909414202307252 685080.00 24  28545.00F  28545.00  310       00000000000
00002785461401111 046434   39095872023072721515216.00 48  31567.00F  31567.00  310       00000000000
00002786401401111 036778   39097862023080322153568.00 24  89732.00F  89732.00  210       00000000000
00002789821401111 041845   39106442023081121204416.00 48  25092.00F  25092.00  210       00000000000
00002790231401111 045865   3910869202308162 926352.00 24  38598.00F  38598.00  210       00000000000
00002790341401111 042002   39108732023081621220796.00 36  33911.00F  33911.00  210       00000000000
00002791381401111 043756   3910885202308162 760356.00 36  21121.00F  21121.00  210       00000000000
00002792331401111 040819   3911046202309112 437304.00 24  18221.00F  18221.00  110       00000000000
