41     02599800617000062000 9
41     02914200617000067000 9
41     02935300617000065200 9
41     03015100617000027900 9
41     03026500617000144300 9
41     03026800617000012400 9
41     03029300617000012400 9
41     03030000617000012400 9
41     03038800617000012400 9
41     03052100617001030000 9
41     03054100617000467900 9
41     03058000617000012400 9
41     03062300617000123000 9
41     03062800617000012400 9
41     03070000617000259300 9
41     03079800617001317067 9
41     03088800617000012400 9
41     03098300617000102400 9
41     03108200617000515000 9
41     03117100617000032600 9
41     03120500617000012400 9
41     03128700617000099200 9
41     03128800617000037200 9
41     03154900617000031000 9
41     03155800617000062000 9
41     03197300617000024800 9
41     03222400617000099200 9
41     03251400617000008200 9
41     03257600617000015500 9
41     03259500617000101400 9
41     03261600617000012400 9
41     03290200617000062000 9
41     03301700617000023400 9
41     03303200617000031000 9
41C232 03336500617000027900 3
41     03377400617000058900 9
41     03402500617000024800 9
41     03415300617000024800 9
41     03424000617000024800 9
41C532 03446800617000031200 3
41     03465400617000049600 9
41C434 03475400617000057400 3
41     03480200617000023400 9
410732 03491600617000020200 3
41     03539200617000024800 9
41     03539500617000053100 9
41     03548000617000024800 9
41     03560800617000024800 9
41C133 03585800617000015500 3
41     03632600617000040300 9
41     03644000617000012400 9
41C534 03690700617000012400 3
41C333 03723800617000099200 3
411033 03727800617000076600 3
41C133 03734500617000012400 3
410733 03739400617000028000 3
411632 03742700617000012400 3
41     03745700617000253300 9
41DN34 03836800617000015500 3
41C334 03925200617000117900 3
413534 04013100617000102000 3
411035 04066200617000012400 3
41C234 04110400617000031000 3
41C134 04118200617000027900 3
411735 04121400617000318000 3
410237 04263200617000012400 3
410735 04377700617000015500 3
411535 04402600617000007800 3
41C436 04415000617000015500 3
41C235 04434100617000074400 3
41C135 04520800617000012400 3
41C536 04541400617000024800 3
413535 04541900617000088600 3
41     04547400617000019100 9
411535 04548400617000012400 3
41     04585400617000071400 9
41C136 04763500617000040300 3
411536 04792000617000679867 3
41C337 04906700617000007800 3
41EP40 04910600617000618000 3
41EP41 04986600617000015500 3

