41     02401200620000711300 9
41     02525400620000711300 9
41     02527000620000711300 9
41     02621300620000711300 9
41     02680500620000711300 9
41     02680700620000711300 9
41     02686100620000711300 9
41     02688900620000711300 9
41     02689100620000486300 9
41     02689500620000711300 9
41     02711100620000711300 9
41     02719700620000486300 9
41     02725300620000711300 9
41     02735200620000486300 9
41     02750100620000711300 9
41     02752800620000711300 9
41     02754800620000711300 9
41     02756800620000711300 9
41     02810800620000711300 9
41     02813000620000711300 9
41     02814900620000711300 9
41     02817700620000711300 9
41     02819100620000711300 9
41     02861600620000250000 9
41     02862200620000486300 9
41     02870000620000486300 9
41     02914300620000486300 9
41     02920100620000486300 9
41     02921700620000711300 9
41     02925700620000711300 9
41     02931600620000250000 9
41     02938100620000486300 9
41     02951400620000711300 9
41     02951600620000711300 9
41     02953100620000711300 9
41     02957800620000486300 9
41     02957900620000486300 9
41     02963100620000486300 9
41     02972700620000486300 9
41     02977400620000486300 9
41     02977600620000486300 9
41     02977900620000711300 9
41     02978600620000486300 9
41     02978700620000486300 9
41     02984800620000486300 9
41     02985000620000486300 9
41     02998500620000486300 9
41     03001700620000486300 9
41     03002300620000486300 9
41     03005000620000486300 9
41     03005200620000486300 9
41     03005700620000486300 9
41     03042700620000486300 9
41     03051500620000486300 9
41     03052700620000486300 9
41     03053600620000486300 9
41     03054300620000711300 9
411615 03055100620000486300 3
41     03094400620000486300 9
41     03095300620000486300 9
41     03096200620000486300 9
41     03097800620000486300 9
41     03129300620000250000 9
41     03131400620000250000 9
41     03131800620000486300 9
41     03132500620000486300 9
41     03138700620000486300 9
41     03139000620000486300 9
41     03141000620000486300 9
41     03152400620000486300 9
41     03196400620000486300 9
41     03203000620000486300 9
41     03203700620000486300 9
41     03206200620000486300 9
41     03206800620000486300 9
41     03246400620000250000 9
41     03291100620000250000 9
41     03299600620000486300 9
41     03301700620000250000 9
41     03303200620000486300 9
41     03303500620000486300 9
41     03304500620000486300 9
41     03320900620000486300 9
41     03342400620000486300 9
41     03343400620000486300 9
41     03343900620000486300 9
41     03360000620000250000 9
41     03451600620000250000 9
41     03464000620000250000 9
41     03507300620000486300 9
41     03539500620000250000 9
41     03582200620000250000 9
41     03626100620000250000 9
41     03716000620000250000 9
41     03718700620000250000 9
41     03718900620000250000 9
41DS17 03761600620000250000 3
41C616 03766900620000250000 3
41     03771000620000250000 9
41     03771500620000250000 9
41     03771600620000250000 9
41     03771700620000250000 9
41     03772400620000250000 9
41     03798300620000250000 9
41     03801800620000250000 9
41C734 03804700620000486300 3
41     03810600620000250000 9
41     03837900620000250000 9
41     03850400620000250000 9
41     03916300620000250000 9
41     04001300620000250000 9
41     04032900620000250000 9
41     04035400620000250000 9
41C216 04042200620000250000 3
41     04066100620000250000 9
41     04077000620000250000 9
41     04095800620000250000 9
41C116 04096400620000250000 3
41C116 04097100620000250000 3
41C316 04127300620000250000 3
41     04170200620000250000 9
41C216 04256300620000250000 3
41C116 04257100620000250000 3
410417 04260800620000250000 3
411117 04496400620000250000 3
41C517 04498800620000250000 3
412518 04720100620000250000 3
41     04729400620000250000 9
41     04825100620000250000 9
41EP40 04909500620000250000 3
41EP40 04909600620000250000 3
41EP40 04909700620000250000 3
41EP40 04909800620000250000 3
41EP40 04909900620000250000 3
41EP40 04910000620000250000 3
41EP40 04910100620000250000 3
41EP40 04910200620000250000 3
41EP40 04910400620000250000 3
41EP40 04910500620000250000 3
41EP40 04910600620000250000 3
41EP40 04910700620000250000 3
41EP40 04910800620000250000 3
41EP40 04910900620000250000 3
41EP40 04911000620000250000 3
41EP40 04911100620000250000 3
41EP40 04911200620000250000 3
41EP40 04911300620000250000 3
41EP40 04911400620000250000 3
41EP40 04911500620000250000 3
41EP40 04911600620000250000 3
41EP40 04911700620000250000 3
41EP40 04911800620000250000 3
41EP40 04911900620000250000 3
41EP40 04912000620000250000 3
41EP40 04912100620000250000 3
41EP40 04912200620000250000 3
41EP40 04912300620000250000 3
41EP40 04912400620000250000 3
41EP40 04912500620000250000 3
41EP40 04912600620000250000 3
41EP40 04912700620000250000 3
41EP40 04912800620000250000 3
41EP40 04912900620000250000 3
41EP40 04913000620000250000 3
41EP40 04913100620000250000 3
41EP40 04913200620000250000 3
41EP40 04913300620000250000 3
41EP40 04913400620000250000 3
41EP40 04913600620000250000 3
41EP40 04913700620000250000 3
41EP40 04913900620000250000 3
41EP40 04914000620000250000 3
41EP40 04914100620000250000 3
41EP40 04914200620000250000 3
41EP40 04914300620000250000 3
41EP40 04914400620000250000 3
41EP40 04914500620000250000 3
41EP40 04914600620000250000 3
41EP40 04914700620000250000 3
41EP40 04914800620000250000 3
41EP40 04914900620000250000 3
41EP40 04915000620000250000 3
41EP40 04915100620000250000 3
41EP40 04915200620000250000 3
41EP40 04915300620000250000 3
41EP40 04915400620000250000 3
41EP40 04915500620000250000 3
41EP40 04915600620000250000 3
41EP40 04915700620000250000 3
41EP40 04915800620000250000 3
41EP40 04916000620000250000 3
41EP40 04916100620000250000 3
41EP40 04916200620000250000 3
41EP40 04916300620000250000 3
41EP40 04916400620000250000 3
41EP40 04916500620000250000 3
41EP40 04916600620000250000 3
41EP40 04916700620000250000 3
41EP40 04916800620000250000 3
41EP40 04917000620000250000 3
41EP40 04917100620000250000 3
41EP40 04917200620000250000 3
41EP40 04917500620000250000 3
41EP40 04917600620000250000 3
41EP40 04917700620000250000 3
41EP40 04917800620000250000 3
41EP40 04918000620000250000 3
41EP40 04918200620000250000 3
41EP40 04918300620000250000 3
41EP40 04918400620000250000 3

