41     02754800608000427500 9
41     03034400608001120333 9
41     03054100608001622500 9
41     03075600608000300000 9
41     03079000608000417500 9
41     03157500608000154375 9
41     03208900608000244500 9
41     03271200608000357143 9
41C232 03336500608000450000 3
41     03464600608000165625 9
41     03516800608001020000 9
411632 03523800608000350000 3
411632 03742700608001580000 3
410733 03776800608000810000 3
41C235 04514300608000442000 3
41     04531100608000785250 9
413535 04586700608000027000 3
41     04651200608000187500 9
41     04875800608000420000 9
41     04902100608000050000 9
41EP40 04916400608000050000 3
41EP40 04916500608000133200 3
41EP40 04917100608000630000 3

